0 hybrid 9043 1 0
0 hybrid 9044 1 0
0 hybrid 9045 1 0
0 hybrid 9046 1 0
0 hybrid 9047 1 0
0 hybrid 9049 1 0
0 hybrid 9055 1 0
0 hybrid 9056 1 0
0 small 110 1 8388608
0 small 111 1 8388608
0 small 120 1 8388608
0 small 121 1 8388608
0 small 130 1 8388608
0 small 140 1 8388608
0 small 210 1 0
0 small 211 1 4194304
0 small 220 1 0
0 small 221 1 4194304
0 small 230 1 0
0 small 231 1 4194304
0 main 92000 0 0
0 main 92001 0 0
0 main 92002 0 0
0 main 92003 0 0
0 main 92004 0 0
0 main 92005 0 0
0 main 92006 0 0
0 main 92007 0 0
0 main 92008 0 0
0 main 92009 0 0
0 main 92010 0 0
0 main 92011 0 0
0 main 92012 0 0
0 main 92100 0 0
0 main 92101 0 0
0 main 92102 0 0
0 main 92103 0 0
0 main 92104 0 0
0 main 92110 0 0
0 main 92111 0 0
0 main 92112 0 0
0 main 92113 0 0
0 main 92114 0 0
0 main 92120 0 0
0 large 0 0 0
1 hybrid 9043 1 0
1 hybrid 9044 1 0
1 hybrid 9045 1 0
1 hybrid 9046 1 0
1 hybrid 9047 1 0
1 hybrid 9049 1 0
1 hybrid 9055 1 0
1 hybrid 9056 1 0
1 small 110 1 4194304
1 small 111 1 4194304
1 small 120 1 4194304
1 small 121 1 4194304
1 small 130 1 4194304
1 small 140 1 4194304
1 small 210 1 0
1 small 211 1 2097152
1 small 220 1 0
1 small 221 1 2097152
1 small 230 1 0
1 small 231 1 2097152
1 main 92000 1 0
1 main 92001 1 0
1 main 92002 1 0
1 main 92003 0 0
1 main 92004 0 0
1 main 92005 1 0
1 main 92006 1 0
1 main 92007 0 0
1 main 92008 0 0
1 main 92009 0 0
1 main 92010 0 0
1 main 92011 0 0
1 main 92012 0 0
1 main 92100 0 0
1 main 92101 0 0
1 main 92102 0 0
1 main 92103 0 0
1 main 92104 0 0
1 main 92110 0 0
1 main 92111 0 0
1 main 92112 0 0
1 main 92113 0 0
1 main 92114 0 0
1 main 92120 0 0
1 large 0 0 0
2 hybrid 9043 1 0
2 hybrid 9044 1 0
2 hybrid 9045 1 0
2 hybrid 9046 1 0
2 hybrid 9047 1 0
2 hybrid 9049 1 0
2 hybrid 9055 1 0
2 hybrid 9056 1 0
2 small 110 1 16777216
2 small 111 1 16777216
2 small 120 1 16777216
2 small 121 1 16777216
2 small 130 1 16777216
2 small 140 1 16777216
2 small 210 1 0
2 small 211 1 8388608
2 small 220 1 0
2 small 221 1 8388608
2 small 230 1 0
2 small 231 1 8388608
2 main 92000 1 0
2 main 92001 1 0
2 main 92002 1 0
2 main 92003 0 0
2 main 92004 0 0
2 main 92005 1 0
2 main 92006 1 0
2 main 92007 0 0
2 main 92008 0 0
2 main 92009 0 0
2 main 92010 0 0
2 main 92011 0 0
2 main 92012 0 0
2 main 92100 0 0
2 main 92101 0 0
2 main 92102 0 0
2 main 92103 0 0
2 main 92104 0 0
2 main 92110 0 0
2 main 92111 0 0
2 main 92112 0 0
2 main 92113 0 0
2 main 92114 0 0
2 main 92120 0 0
2 large 0 0 0
3 hybrid 9043 1 0
3 hybrid 9044 1 0
3 hybrid 9045 1 0
3 hybrid 9046 1 0
3 hybrid 9047 1 0
3 hybrid 9049 1 0
3 hybrid 9055 1 0
3 hybrid 9056 1 0
3 small 110 1 3145728
3 small 111 1 3145728
3 small 120 1 3145728
3 small 121 1 3145728
3 small 130 1 3145728
3 small 140 1 3145728
3 small 210 1 0
3 small 211 1 1572864
3 small 220 1 0
3 small 221 1 1572864
3 small 230 1 0
3 small 231 1 1572864
3 main 92000 1 0
3 main 92001 1 0
3 main 92002 1 0
3 main 92003 0 0
3 main 92004 0 0
3 main 92005 0 0
3 main 92006 0 0
3 main 92007 0 0
3 main 92008 1 0
3 main 92009 1 0
3 main 92010 0 0
3 main 92011 1 0
3 main 92012 1 0
3 main 92100 0 0
3 main 92101 0 0
3 main 92102 0 0
3 main 92103 0 0
3 main 92104 0 0
3 main 92110 0 0
3 main 92111 0 0
3 main 92112 0 0
3 main 92113 0 0
3 main 92114 0 0
3 main 92120 1 0
3 large 0 0 0
4 hybrid 9043 1 0
4 hybrid 9044 1 0
4 hybrid 9045 1 0
4 hybrid 9046 1 0
4 hybrid 9047 1 0
4 hybrid 9049 1 0
4 hybrid 9055 1 0
4 hybrid 9056 1 0
4 small 110 1 3670016
4 small 111 1 3670016
4 small 120 1 3670016
4 small 121 1 3670016
4 small 130 1 3670016
4 small 140 1 3670016
4 small 210 1 0
4 small 211 1 1835008
4 small 220 1 0
4 small 221 1 1835008
4 small 230 1 0
4 small 231 1 1835008
4 main 92000 1 0
4 main 92001 1 0
4 main 92002 1 0
4 main 92003 0 0
4 main 92004 0 0
4 main 92005 0 0
4 main 92006 0 0
4 main 92007 0 0
4 main 92008 1 0
4 main 92009 1 0
4 main 92010 0 0
4 main 92011 1 0
4 main 92012 1 0
4 main 92100 0 0
4 main 92101 0 0
4 main 92102 0 0
4 main 92103 0 0
4 main 92104 0 0
4 main 92110 0 0
4 main 92111 0 0
4 main 92112 0 0
4 main 92113 0 0
4 main 92114 0 0
4 main 92120 1 0
4 large 0 0 0
5 hybrid 9043 1 0
5 hybrid 9044 1 0
5 hybrid 9045 1 0
5 hybrid 9046 1 0
5 hybrid 9047 1 0
5 hybrid 9049 1 0
5 hybrid 9055 1 0
5 hybrid 9056 1 0
5 small 110 1 8388608
5 small 111 1 8388608
5 small 120 1 8388608
5 small 121 1 8388608
5 small 130 1 8388608
5 small 140 1 8388608
5 small 210 1 0
5 small 211 1 4194304
5 small 220 1 0
5 small 221 1 4194304
5 small 230 1 0
5 small 231 1 4194304
5 main 92000 1 0
5 main 92001 1 0
5 main 92002 1 0
5 main 92003 0 0
5 main 92004 0 0
5 main 92005 1 0
5 main 92006 1 0
5 main 92007 0 0
5 main 92008 0 0
5 main 92009 0 0
5 main 92010 0 0
5 main 92011 0 0
5 main 92012 0 0
5 main 92100 0 0
5 main 92101 0 0
5 main 92102 0 0
5 main 92103 0 0
5 main 92104 0 0
5 main 92110 0 0
5 main 92111 0 0
5 main 92112 0 0
5 main 92113 0 0
5 main 92114 0 0
5 main 92120 0 0
5 large 0 0 0
6 hybrid 9043 1 0
6 hybrid 9044 1 0
6 hybrid 9045 1 0
6 hybrid 9046 1 0
6 hybrid 9047 1 0
6 hybrid 9049 1 0
6 hybrid 9055 1 0
6 hybrid 9056 1 0
6 small 110 1 1572864
6 small 111 1 1572864
6 small 120 1 1572864
6 small 121 1 1572864
6 small 130 1 1572864
6 small 140 1 1572864
6 small 210 1 0
6 small 211 1 786432
6 small 220 1 0
6 small 221 1 786432
6 small 230 1 0
6 small 231 1 786432
6 main 92000 1 0
6 main 92001 1 0
6 main 92002 1 0
6 main 92003 0 0
6 main 92004 0 0
6 main 92005 0 0
6 main 92006 0 0
6 main 92007 0 0
6 main 92008 1 0
6 main 92009 1 0
6 main 92010 0 0
6 main 92011 1 0
6 main 92012 1 0
6 main 92100 0 0
6 main 92101 0 0
6 main 92102 0 0
6 main 92103 0 0
6 main 92104 0 0
6 main 92110 0 0
6 main 92111 0 0
6 main 92112 0 0
6 main 92113 0 0
6 main 92114 0 0
6 main 92120 1 0
6 large 0 0 0
7 hybrid 9043 1 0
7 hybrid 9044 1 0
7 hybrid 9045 1 0
7 hybrid 9046 1 0
7 hybrid 9047 1 0
7 hybrid 9049 1 0
7 hybrid 9055 1 0
7 hybrid 9056 1 0
7 small 110 1 2097152
7 small 111 1 2097152
7 small 120 1 2097152
7 small 121 1 2097152
7 small 130 1 2097152
7 small 140 1 2097152
7 small 210 1 0
7 small 211 1 1048576
7 small 220 1 0
7 small 221 1 1048576
7 small 230 1 0
7 small 231 1 1048576
7 main 92000 1 0
7 main 92001 1 0
7 main 92002 1 0
7 main 92003 0 0
7 main 92004 0 0
7 main 92005 0 0
7 main 92006 0 0
7 main 92007 0 0
7 main 92008 1 0
7 main 92009 1 0
7 main 92010 0 0
7 main 92011 1 0
7 main 92012 1 0
7 main 92100 0 0
7 main 92101 0 0
7 main 92102 0 0
7 main 92103 0 0
7 main 92104 0 0
7 main 92110 0 0
7 main 92111 0 0
7 main 92112 0 0
7 main 92113 0 0
7 main 92114 0 0
7 main 92120 1 0
7 large 0 0 0
8 hybrid 9043 1 0
8 hybrid 9044 1 0
8 hybrid 9045 1 0
8 hybrid 9046 1 0
8 hybrid 9047 1 0
8 hybrid 9049 1 0
8 hybrid 9055 1 0
8 hybrid 9056 1 0
8 small 110 1 2621440
8 small 111 1 2621440
8 small 120 1 2621440
8 small 121 1 2621440
8 small 130 1 2621440
8 small 140 1 2621440
8 small 210 1 0
8 small 211 1 1310720
8 small 220 1 0
8 small 221 1 1310720
8 small 230 1 0
8 small 231 1 1310720
8 main 92000 1 0
8 main 92001 1 0
8 main 92002 1 0
8 main 92003 0 0
8 main 92004 0 0
8 main 92005 0 0
8 main 92006 0 0
8 main 92007 0 0
8 main 92008 1 0
8 main 92009 1 0
8 main 92010 0 0
8 main 92011 1 0
8 main 92012 1 0
8 main 92100 0 0
8 main 92101 0 0
8 main 92102 0 0
8 main 92103 0 0
8 main 92104 0 0
8 main 92110 0 0
8 main 92111 0 0
8 main 92112 0 0
8 main 92113 0 0
8 main 92114 0 0
8 main 92120 1 0
8 large 0 0 0
9 hybrid 9043 1 0
9 hybrid 9044 1 0
9 hybrid 9045 1 0
9 hybrid 9046 1 0
9 hybrid 9047 1 0
9 hybrid 9049 1 0
9 hybrid 9055 1 0
9 hybrid 9056 1 0
9 small 110 1 1179648
9 small 111 1 1179648
9 small 120 1 1179648
9 small 121 1 1179648
9 small 130 1 1179648
9 small 140 1 1179648
9 small 210 1 0
9 small 211 1 589824
9 small 220 1 0
9 small 221 1 589824
9 small 230 1 0
9 small 231 1 589824
9 main 92000 1 0
9 main 92001 1 0
9 main 92002 1 0
9 main 92003 0 0
9 main 92004 0 0
9 main 92005 0 0
9 main 92006 0 0
9 main 92007 0 0
9 main 92008 1 0
9 main 92009 1 0
9 main 92010 0 0
9 main 92011 1 0
9 main 92012 1 0
9 main 92100 0 0
9 main 92101 0 0
9 main 92102 0 0
9 main 92103 0 0
9 main 92104 0 0
9 main 92110 0 0
9 main 92111 0 0
9 main 92112 0 0
9 main 92113 0 0
9 main 92114 0 0
9 main 92120 1 0
9 large 0 0 0
10 hybrid 9043 1 0
10 hybrid 9044 1 0
10 hybrid 9045 1 0
10 hybrid 9046 1 0
10 hybrid 9047 1 0
10 hybrid 9049 1 0
10 hybrid 9055 1 0
10 hybrid 9056 1 0
10 small 110 1 3145728
10 small 111 1 3145728
10 small 120 1 3145728
10 small 121 1 3145728
10 small 130 1 3145728
10 small 140 1 3145728
10 small 210 1 0
10 small 211 1 1572864
10 small 220 1 0
10 small 221 1 1572864
10 small 230 1 0
10 small 231 1 1572864
10 main 92000 1 0
10 main 92001 1 0
10 main 92002 1 0
10 main 92003 0 0
10 main 92004 0 0
10 main 92005 0 0
10 main 92006 0 0
10 main 92007 0 0
10 main 92008 1 0
10 main 92009 1 0
10 main 92010 0 0
10 main 92011 1 0
10 main 92012 1 0
10 main 92100 0 0
10 main 92101 0 0
10 main 92102 0 0
10 main 92103 0 0
10 main 92104 0 0
10 main 92110 0 0
10 main 92111 0 0
10 main 92112 0 0
10 main 92113 0 0
10 main 92114 0 0
10 main 92120 1 0
10 large 0 0 0
11 hybrid 9043 1 0
11 hybrid 9044 1 0
11 hybrid 9045 1 0
11 hybrid 9046 1 0
11 hybrid 9047 1 0
11 hybrid 9049 1 0
11 hybrid 9055 1 0
11 hybrid 9056 1 0
11 small 110 1 3670016
11 small 111 1 3670016
11 small 120 1 3670016
11 small 121 1 3670016
11 small 130 1 3670016
11 small 140 1 3670016
11 small 210 1 0
11 small 211 1 1835008
11 small 220 1 0
11 small 221 1 1835008
11 small 230 1 0
11 small 231 1 1835008
11 main 92000 1 0
11 main 92001 1 0
11 main 92002 1 0
11 main 92003 0 0
11 main 92004 0 0
11 main 92005 0 0
11 main 92006 0 0
11 main 92007 0 0
11 main 92008 1 0
11 main 92009 1 0
11 main 92010 0 0
11 main 92011 1 0
11 main 92012 1 0
11 main 92100 0 0
11 main 92101 0 0
11 main 92102 0 0
11 main 92103 0 0
11 main 92104 0 0
11 main 92110 0 0
11 main 92111 0 0
11 main 92112 0 0
11 main 92113 0 0
11 main 92114 0 0
11 main 92120 1 0
11 large 0 0 0
12 hybrid 9043 1 0
12 hybrid 9044 1 0
12 hybrid 9045 1 0
12 hybrid 9046 1 0
12 hybrid 9047 1 0
12 hybrid 9049 1 0
12 hybrid 9055 1 0
12 hybrid 9056 1 0
12 small 110 1 1572864
12 small 111 1 1572864
12 small 120 1 1572864
12 small 121 1 1572864
12 small 130 1 1572864
12 small 140 1 1572864
12 small 210 1 0
12 small 211 1 786432
12 small 220 1 0
12 small 221 1 786432
12 small 230 1 0
12 small 231 1 786432
12 main 92000 1 0
12 main 92001 1 0
12 main 92002 1 0
12 main 92003 0 0
12 main 92004 0 0
12 main 92005 0 0
12 main 92006 0 0
12 main 92007 0 0
12 main 92008 1 0
12 main 92009 1 0
12 main 92010 0 0
12 main 92011 1 0
12 main 92012 1 0
12 main 92100 0 0
12 main 92101 0 0
12 main 92102 0 0
12 main 92103 0 0
12 main 92104 0 0
12 main 92110 0 0
12 main 92111 0 0
12 main 92112 0 0
12 main 92113 0 0
12 main 92114 0 0
12 main 92120 1 0
12 large 0 0 0
13 hybrid 9043 1 0
13 hybrid 9044 1 0
13 hybrid 9045 1 0
13 hybrid 9046 1 0
13 hybrid 9047 1 0
13 hybrid 9049 1 0
13 hybrid 9055 1 0
13 hybrid 9056 1 0
13 small 110 1 4194304
13 small 111 1 4194304
13 small 120 1 4194304
13 small 121 1 4194304
13 small 130 1 4194304
13 small 140 1 4194304
13 small 210 1 0
13 small 211 1 2097152
13 small 220 1 0
13 small 221 1 2097152
13 small 230 1 0
13 small 231 1 2097152
13 main 92000 1 0
13 main 92001 1 0
13 main 92002 1 0
13 main 92003 0 0
13 main 92004 0 0
13 main 92005 0 0
13 main 92006 0 0
13 main 92007 0 0
13 main 92008 1 0
13 main 92009 1 0
13 main 92010 0 0
13 main 92011 1 0
13 main 92012 1 0
13 main 92100 0 0
13 main 92101 0 0
13 main 92102 0 0
13 main 92103 0 0
13 main 92104 0 0
13 main 92110 0 0
13 main 92111 0 0
13 main 92112 0 0
13 main 92113 0 0
13 main 92114 0 0
13 main 92120 1 0
13 large 0 0 0
14 hybrid 9043 1 0
14 hybrid 9044 1 0
14 hybrid 9045 1 0
14 hybrid 9046 1 0
14 hybrid 9047 1 0
14 hybrid 9049 1 0
14 hybrid 9055 1 0
14 hybrid 9056 1 0
14 small 110 1 1769472
14 small 111 1 1769472
14 small 120 1 1769472
14 small 121 1 1769472
14 small 130 1 1769472
14 small 140 1 1769472
14 small 210 1 0
14 small 211 1 884736
14 small 220 1 0
14 small 221 1 884736
14 small 230 1 0
14 small 231 1 884736
14 main 92000 1 0
14 main 92001 1 0
14 main 92002 1 0
14 main 92003 0 0
14 main 92004 0 0
14 main 92005 0 0
14 main 92006 0 0
14 main 92007 0 0
14 main 92008 1 0
14 main 92009 1 0
14 main 92010 0 0
14 main 92011 1 0
14 main 92012 1 0
14 main 92100 0 0
14 main 92101 0 0
14 main 92102 0 0
14 main 92103 0 0
14 main 92104 0 0
14 main 92110 0 0
14 main 92111 0 0
14 main 92112 0 0
14 main 92113 0 0
14 main 92114 0 0
14 main 92120 1 0
14 large 0 0 0
15 hybrid 9043 1 0
15 hybrid 9044 1 0
15 hybrid 9045 1 0
15 hybrid 9046 1 0
15 hybrid 9047 1 0
15 hybrid 9049 1 0
15 hybrid 9055 1 0
15 hybrid 9056 1 0
15 small 110 1 4718592
15 small 111 1 4718592
15 small 120 1 4718592
15 small 121 1 4718592
15 small 130 1 4718592
15 small 140 1 4718592
15 small 210 1 0
15 small 211 1 2359296
15 small 220 1 0
15 small 221 1 2359296
15 small 230 1 0
15 small 231 1 2359296
15 main 92000 1 0
15 main 92001 1 0
15 main 92002 1 0
15 main 92003 0 0
15 main 92004 0 0
15 main 92005 0 0
15 main 92006 0 0
15 main 92007 0 0
15 main 92008 1 0
15 main 92009 1 0
15 main 92010 0 0
15 main 92011 1 0
15 main 92012 1 0
15 main 92100 0 0
15 main 92101 0 0
15 main 92102 0 0
15 main 92103 0 0
15 main 92104 0 0
15 main 92110 0 0
15 main 92111 0 0
15 main 92112 0 0
15 main 92113 0 0
15 main 92114 0 0
15 main 92120 1 0
15 large 0 0 0
16 hybrid 9043 1 0
16 hybrid 9044 1 0
16 hybrid 9045 1 0
16 hybrid 9046 1 0
16 hybrid 9047 1 0
16 hybrid 9049 1 0
16 hybrid 9055 1 0
16 hybrid 9056 1 0
16 small 110 1 1966080
16 small 111 1 1966080
16 small 120 1 1966080
16 small 121 1 1966080
16 small 130 1 1966080
16 small 140 1 1966080
16 small 210 1 0
16 small 211 1 983040
16 small 220 1 0
16 small 221 1 983040
16 small 230 1 0
16 small 231 1 983040
16 main 92000 1 0
16 main 92001 1 0
16 main 92002 1 0
16 main 92003 0 0
16 main 92004 0 0
16 main 92005 0 0
16 main 92006 0 0
16 main 92007 0 0
16 main 92008 1 0
16 main 92009 1 0
16 main 92010 0 0
16 main 92011 1 0
16 main 92012 1 0
16 main 92100 0 0
16 main 92101 0 0
16 main 92102 0 0
16 main 92103 0 0
16 main 92104 0 0
16 main 92110 0 0
16 main 92111 0 0
16 main 92112 0 0
16 main 92113 0 0
16 main 92114 0 0
16 main 92120 1 0
16 large 0 0 0
17 hybrid 9043 1 0
17 hybrid 9044 1 0
17 hybrid 9045 1 0
17 hybrid 9046 1 0
17 hybrid 9047 1 0
17 hybrid 9049 1 0
17 hybrid 9055 1 0
17 hybrid 9056 1 0
17 small 110 1 5242880
17 small 111 1 5242880
17 small 120 1 5242880
17 small 121 1 5242880
17 small 130 1 5242880
17 small 140 1 5242880
17 small 210 1 0
17 small 211 1 2621440
17 small 220 1 0
17 small 221 1 2621440
17 small 230 1 0
17 small 231 1 2621440
17 main 92000 1 0
17 main 92001 1 0
17 main 92002 1 0
17 main 92003 0 0
17 main 92004 0 0
17 main 92005 0 0
17 main 92006 0 0
17 main 92007 0 0
17 main 92008 1 0
17 main 92009 1 0
17 main 92010 0 0
17 main 92011 1 0
17 main 92012 1 0
17 main 92100 0 0
17 main 92101 0 0
17 main 92102 0 0
17 main 92103 0 0
17 main 92104 0 0
17 main 92110 0 0
17 main 92111 0 0
17 main 92112 0 0
17 main 92113 0 0
17 main 92114 0 0
17 main 92120 1 0
17 large 0 0 0
18 hybrid 9043 1 0
18 hybrid 9044 1 0
18 hybrid 9045 1 0
18 hybrid 9046 1 0
18 hybrid 9047 1 0
18 hybrid 9049 1 0
18 hybrid 9055 1 0
18 hybrid 9056 1 0
18 small 110 1 2162688
18 small 111 1 2162688
18 small 120 1 2162688
18 small 121 1 2162688
18 small 130 1 2162688
18 small 140 1 2162688
18 small 210 1 0
18 small 211 1 1081344
18 small 220 1 0
18 small 221 1 1081344
18 small 230 1 0
18 small 231 1 1081344
18 main 92000 1 0
18 main 92001 1 0
18 main 92002 1 0
18 main 92003 0 0
18 main 92004 0 0
18 main 92005 0 0
18 main 92006 0 0
18 main 92007 0 0
18 main 92008 1 0
18 main 92009 1 0
18 main 92010 0 0
18 main 92011 1 0
18 main 92012 1 0
18 main 92100 0 0
18 main 92101 0 0
18 main 92102 0 0
18 main 92103 0 0
18 main 92104 0 0
18 main 92110 0 0
18 main 92111 0 0
18 main 92112 0 0
18 main 92113 0 0
18 main 92114 0 0
18 main 92120 1 0
18 large 0 0 0
19 hybrid 9043 1 0
19 hybrid 9044 1 0
19 hybrid 9045 1 0
19 hybrid 9046 1 0
19 hybrid 9047 1 0
19 hybrid 9049 1 0
19 hybrid 9055 1 0
19 hybrid 9056 1 0
19 small 110 1 5767168
19 small 111 1 5767168
19 small 120 1 5767168
19 small 121 1 5767168
19 small 130 1 5767168
19 small 140 1 5767168
19 small 210 1 0
19 small 211 1 2883584
19 small 220 1 0
19 small 221 1 2883584
19 small 230 1 0
19 small 231 1 2883584
19 main 92000 1 0
19 main 92001 1 0
19 main 92002 1 0
19 main 92003 0 0
19 main 92004 0 0
19 main 92005 0 0
19 main 92006 0 0
19 main 92007 0 0
19 main 92008 1 0
19 main 92009 1 0
19 main 92010 0 0
19 main 92011 1 0
19 main 92012 1 0
19 main 92100 0 0
19 main 92101 0 0
19 main 92102 0 0
19 main 92103 0 0
19 main 92104 0 0
19 main 92110 0 0
19 main 92111 0 0
19 main 92112 0 0
19 main 92113 0 0
19 main 92114 0 0
19 main 92120 1 0
19 large 0 0 0
20 hybrid 9043 1 0
20 hybrid 9044 1 0
20 hybrid 9045 1 0
20 hybrid 9046 1 0
20 hybrid 9047 1 0
20 hybrid 9049 1 0
20 hybrid 9055 1 0
20 hybrid 9056 1 0
20 small 110 1 2359296
20 small 111 1 2359296
20 small 120 1 2359296
20 small 121 1 2359296
20 small 130 1 2359296
20 small 140 1 2359296
20 small 210 1 0
20 small 211 1 1179648
20 small 220 1 0
20 small 221 1 1179648
20 small 230 1 0
20 small 231 1 1179648
20 main 92000 1 0
20 main 92001 1 0
20 main 92002 1 0
20 main 92003 0 0
20 main 92004 0 0
20 main 92005 0 0
20 main 92006 0 0
20 main 92007 0 0
20 main 92008 1 0
20 main 92009 1 0
20 main 92010 0 0
20 main 92011 1 0
20 main 92012 1 0
20 main 92100 0 0
20 main 92101 0 0
20 main 92102 0 0
20 main 92103 0 0
20 main 92104 0 0
20 main 92110 0 0
20 main 92111 0 0
20 main 92112 0 0
20 main 92113 0 0
20 main 92114 0 0
20 main 92120 1 0
20 large 0 0 0
21 hybrid 9043 1 0
21 hybrid 9044 1 0
21 hybrid 9045 1 0
21 hybrid 9046 1 0
21 hybrid 9047 1 0
21 hybrid 9049 1 0
21 hybrid 9055 1 0
21 hybrid 9056 1 0
21 small 110 1 6291456
21 small 111 1 6291456
21 small 120 1 6291456
21 small 121 1 6291456
21 small 130 1 6291456
21 small 140 1 6291456
21 small 210 1 0
21 small 211 1 3145728
21 small 220 1 0
21 small 221 1 3145728
21 small 230 1 0
21 small 231 1 3145728
21 main 92000 1 0
21 main 92001 1 0
21 main 92002 1 0
21 main 92003 0 0
21 main 92004 0 0
21 main 92005 0 0
21 main 92006 0 0
21 main 92007 0 0
21 main 92008 1 0
21 main 92009 1 0
21 main 92010 0 0
21 main 92011 1 0
21 main 92012 1 0
21 main 92100 0 0
21 main 92101 0 0
21 main 92102 0 0
21 main 92103 0 0
21 main 92104 0 0
21 main 92110 0 0
21 main 92111 0 0
21 main 92112 0 0
21 main 92113 0 0
21 main 92114 0 0
21 main 92120 1 0
21 large 0 0 0
22 hybrid 9043 1 0
22 hybrid 9044 1 0
22 hybrid 9045 1 0
22 hybrid 9046 1 0
22 hybrid 9047 1 0
22 hybrid 9049 1 0
22 hybrid 9055 1 0
22 hybrid 9056 1 0
22 small 110 1 2555904
22 small 111 1 2555904
22 small 120 1 2555904
22 small 121 1 2555904
22 small 130 1 2555904
22 small 140 1 2555904
22 small 210 1 0
22 small 211 1 1277952
22 small 220 1 0
22 small 221 1 1277952
22 small 230 1 0
22 small 231 1 1277952
22 main 92000 1 0
22 main 92001 1 0
22 main 92002 1 0
22 main 92003 0 0
22 main 92004 0 0
22 main 92005 0 0
22 main 92006 0 0
22 main 92007 0 0
22 main 92008 1 0
22 main 92009 1 0
22 main 92010 0 0
22 main 92011 1 0
22 main 92012 1 0
22 main 92100 0 0
22 main 92101 0 0
22 main 92102 0 0
22 main 92103 0 0
22 main 92104 0 0
22 main 92110 0 0
22 main 92111 0 0
22 main 92112 0 0
22 main 92113 0 0
22 main 92114 0 0
22 main 92120 1 0
22 large 0 0 0
23 hybrid 9043 1 0
23 hybrid 9044 1 0
23 hybrid 9045 1 0
23 hybrid 9046 1 0
23 hybrid 9047 1 0
23 hybrid 9049 1 0
23 hybrid 9055 1 0
23 hybrid 9056 1 0
23 small 110 1 2752512
23 small 111 1 2752512
23 small 120 1 2752512
23 small 121 1 2752512
23 small 130 1 2752512
23 small 140 1 2752512
23 small 210 1 0
23 small 211 1 1376256
23 small 220 1 0
23 small 221 1 1376256
23 small 230 1 0
23 small 231 1 1376256
23 main 92000 1 0
23 main 92001 1 0
23 main 92002 1 0
23 main 92003 0 0
23 main 92004 0 0
23 main 92005 0 0
23 main 92006 0 0
23 main 92007 0 0
23 main 92008 1 0
23 main 92009 1 0
23 main 92010 0 0
23 main 92011 1 0
23 main 92012 1 0
23 main 92100 0 0
23 main 92101 0 0
23 main 92102 0 0
23 main 92103 0 0
23 main 92104 0 0
23 main 92110 0 0
23 main 92111 0 0
23 main 92112 0 0
23 main 92113 0 0
23 main 92114 0 0
23 main 92120 1 0
23 large 0 0 0
24 hybrid 9043 1 0
24 hybrid 9044 1 0
24 hybrid 9045 1 0
24 hybrid 9046 1 0
24 hybrid 9047 1 0
24 hybrid 9049 1 0
24 hybrid 9055 1 0
24 hybrid 9056 1 0
24 small 110 1 25690112
24 small 111 1 25690112
24 small 120 1 25690112
24 small 121 1 25690112
24 small 130 1 25690112
24 small 140 1 25690112
24 small 210 1 0
24 small 211 1 12845056
24 small 220 1 0
24 small 221 1 12845056
24 small 230 1 0
24 small 231 1 12845056
24 main 92000 1 0
24 main 92001 1 0
24 main 92002 1 0
24 main 92003 0 0
24 main 92004 1 0
24 main 92005 0 0
24 main 92006 0 0
24 main 92007 0 0
24 main 92008 0 0
24 main 92009 0 0
24 main 92010 0 0
24 main 92011 0 0
24 main 92012 0 0
24 main 92100 0 0
24 main 92101 0 0
24 main 92102 0 0
24 main 92103 0 0
24 main 92104 0 0
24 main 92110 0 0
24 main 92111 0 0
24 main 92112 0 0
24 main 92113 0 0
24 main 92114 0 0
24 main 92120 0 0
24 large 0 0 0
25 hybrid 9043 1 0
25 hybrid 9044 1 0
25 hybrid 9045 1 0
25 hybrid 9046 1 0
25 hybrid 9047 1 0
25 hybrid 9049 1 0
25 hybrid 9055 1 0
25 hybrid 9056 1 0
25 small 110 1 2949120
25 small 111 1 2949120
25 small 120 1 2949120
25 small 121 1 2949120
25 small 130 1 2949120
25 small 140 1 2949120
25 small 210 1 0
25 small 211 1 1474560
25 small 220 1 0
25 small 221 1 1474560
25 small 230 1 0
25 small 231 1 1474560
25 main 92000 1 0
25 main 92001 1 0
25 main 92002 1 0
25 main 92003 0 0
25 main 92004 0 0
25 main 92005 0 0
25 main 92006 0 0
25 main 92007 0 0
25 main 92008 1 0
25 main 92009 1 0
25 main 92010 0 0
25 main 92011 1 0
25 main 92012 1 0
25 main 92100 0 0
25 main 92101 0 0
25 main 92102 0 0
25 main 92103 0 0
25 main 92104 0 0
25 main 92110 0 0
25 main 92111 0 0
25 main 92112 0 0
25 main 92113 0 0
25 main 92114 0 0
25 main 92120 1 0
25 large 0 0 0
26 hybrid 9043 1 0
26 hybrid 9044 1 0
26 hybrid 9045 1 0
26 hybrid 9046 1 0
26 hybrid 9047 1 0
26 hybrid 9049 1 0
26 hybrid 9055 1 0
26 hybrid 9056 1 0
26 small 110 1 3145728
26 small 111 1 3145728
26 small 120 1 3145728
26 small 121 1 3145728
26 small 130 1 3145728
26 small 140 1 3145728
26 small 210 1 0
26 small 211 1 1572864
26 small 220 1 0
26 small 221 1 1572864
26 small 230 1 0
26 small 231 1 1572864
26 main 92000 1 0
26 main 92001 1 0
26 main 92002 1 0
26 main 92003 0 0
26 main 92004 0 0
26 main 92005 0 0
26 main 92006 0 0
26 main 92007 0 0
26 main 92008 1 0
26 main 92009 1 0
26 main 92010 0 0
26 main 92011 1 0
26 main 92012 1 0
26 main 92100 0 0
26 main 92101 0 0
26 main 92102 0 0
26 main 92103 1 0
26 main 92104 0 0
26 main 92110 0 0
26 main 92111 0 0
26 main 92112 0 0
26 main 92113 1 0
26 main 92114 0 0
26 main 92120 1 0
26 large 0 0 0
27 hybrid 9043 1 0
27 hybrid 9044 1 0
27 hybrid 9045 1 0
27 hybrid 9046 1 0
27 hybrid 9047 1 0
27 hybrid 9049 1 0
27 hybrid 9055 1 0
27 hybrid 9056 1 0
27 small 110 1 29360128
27 small 111 1 29360128
27 small 120 1 29360128
27 small 121 1 29360128
27 small 130 1 29360128
27 small 140 1 29360128
27 small 210 1 0
27 small 211 1 14680064
27 small 220 1 0
27 small 221 1 14680064
27 small 230 1 0
27 small 231 1 14680064
27 main 92000 1 0
27 main 92001 1 0
27 main 92002 1 0
27 main 92003 0 0
27 main 92004 1 0
27 main 92005 0 0
27 main 92006 0 0
27 main 92007 0 0
27 main 92008 0 0
27 main 92009 0 0
27 main 92010 0 0
27 main 92011 0 0
27 main 92012 0 0
27 main 92100 0 0
27 main 92101 0 0
27 main 92102 0 0
27 main 92103 0 0
27 main 92104 0 0
27 main 92110 0 0
27 main 92111 0 0
27 main 92112 0 0
27 main 92113 0 0
27 main 92114 0 0
27 main 92120 0 0
27 large 0 0 0
28 hybrid 9043 1 0
28 hybrid 9044 1 0
28 hybrid 9045 1 0
28 hybrid 9046 1 0
28 hybrid 9047 1 0
28 hybrid 9049 1 0
28 hybrid 9055 1 0
28 hybrid 9056 1 0
28 small 110 1 3538944
28 small 111 1 3538944
28 small 120 1 3538944
28 small 121 1 3538944
28 small 130 1 3538944
28 small 140 1 3538944
28 small 210 1 0
28 small 211 1 1769472
28 small 220 1 0
28 small 221 1 1769472
28 small 230 1 0
28 small 231 1 1769472
28 main 92000 1 0
28 main 92001 1 0
28 main 92002 1 0
28 main 92003 0 0
28 main 92004 0 0
28 main 92005 0 0
28 main 92006 0 0
28 main 92007 0 0
28 main 92008 1 0
28 main 92009 1 0
28 main 92010 0 0
28 main 92011 1 0
28 main 92012 1 0
28 main 92100 0 0
28 main 92101 0 0
28 main 92102 0 0
28 main 92103 0 0
28 main 92104 0 0
28 main 92110 0 0
28 main 92111 0 0
28 main 92112 0 0
28 main 92113 0 0
28 main 92114 0 0
28 main 92120 1 0
28 large 0 0 0
29 hybrid 9043 1 0
29 hybrid 9044 1 0
29 hybrid 9045 1 0
29 hybrid 9046 1 0
29 hybrid 9047 1 0
29 hybrid 9049 1 0
29 hybrid 9055 1 0
29 hybrid 9056 1 0
29 small 110 1 33030144
29 small 111 1 33030144
29 small 120 1 33030144
29 small 121 1 33030144
29 small 130 1 33030144
29 small 140 1 33030144
29 small 210 1 0
29 small 211 1 16515072
29 small 220 1 0
29 small 221 1 16515072
29 small 230 1 0
29 small 231 1 16515072
29 main 92000 1 0
29 main 92001 1 0
29 main 92002 1 0
29 main 92003 0 0
29 main 92004 0 0
29 main 92005 0 0
29 main 92006 0 0
29 main 92007 1 0
29 main 92008 0 0
29 main 92009 0 0
29 main 92010 1 0
29 main 92011 0 0
29 main 92012 0 0
29 main 92100 0 0
29 main 92101 0 0
29 main 92102 0 0
29 main 92103 0 0
29 main 92104 0 0
29 main 92110 0 0
29 main 92111 0 0
29 main 92112 0 0
29 main 92113 0 0
29 main 92114 0 0
29 main 92120 0 0
29 large 0 0 0
30 hybrid 9043 1 0
30 hybrid 9044 1 0
30 hybrid 9045 1 0
30 hybrid 9046 1 0
30 hybrid 9047 1 0
30 hybrid 9049 1 0
30 hybrid 9055 1 0
30 hybrid 9056 1 0
30 small 110 1 3932160
30 small 111 1 3932160
30 small 120 1 3932160
30 small 121 1 3932160
30 small 130 1 3932160
30 small 140 1 3932160
30 small 210 1 0
30 small 211 1 1966080
30 small 220 1 0
30 small 221 1 1966080
30 small 230 1 0
30 small 231 1 1966080
30 main 92000 1 0
30 main 92001 1 0
30 main 92002 1 0
30 main 92003 0 0
30 main 92004 0 0
30 main 92005 0 0
30 main 92006 0 0
30 main 92007 0 0
30 main 92008 1 0
30 main 92009 1 0
30 main 92010 0 0
30 main 92011 1 0
30 main 92012 1 0
30 main 92100 0 0
30 main 92101 0 0
30 main 92102 0 0
30 main 92103 0 0
30 main 92104 0 0
30 main 92110 0 0
30 main 92111 0 0
30 main 92112 0 0
30 main 92113 0 0
30 main 92114 0 0
30 main 92120 1 0
30 large 0 0 0
31 hybrid 9043 1 0
31 hybrid 9044 1 0
31 hybrid 9045 1 0
31 hybrid 9046 1 0
31 hybrid 9047 1 0
31 hybrid 9049 1 0
31 hybrid 9055 1 0
31 hybrid 9056 1 0
31 small 110 1 36700160
31 small 111 1 36700160
31 small 120 1 36700160
31 small 121 1 36700160
31 small 130 1 36700160
31 small 140 1 36700160
31 small 210 1 0
31 small 211 1 18350080
31 small 220 1 0
31 small 221 1 18350080
31 small 230 1 0
31 small 231 1 18350080
31 main 92000 1 0
31 main 92001 1 0
31 main 92002 1 0
31 main 92003 0 0
31 main 92004 0 0
31 main 92005 0 0
31 main 92006 0 0
31 main 92007 1 0
31 main 92008 0 0
31 main 92009 0 0
31 main 92010 1 0
31 main 92011 0 0
31 main 92012 0 0
31 main 92100 0 0
31 main 92101 0 0
31 main 92102 0 0
31 main 92103 0 0
31 main 92104 0 0
31 main 92110 0 0
31 main 92111 0 0
31 main 92112 0 0
31 main 92113 0 0
31 main 92114 0 0
31 main 92120 0 0
31 large 0 0 0
32 hybrid 9043 1 0
32 hybrid 9044 1 0
32 hybrid 9045 1 0
32 hybrid 9046 1 0
32 hybrid 9047 1 0
32 hybrid 9049 1 0
32 hybrid 9055 1 0
32 hybrid 9056 1 0
32 small 110 1 4325376
32 small 111 1 4325376
32 small 120 1 4325376
32 small 121 1 4325376
32 small 130 1 4325376
32 small 140 1 4325376
32 small 210 1 0
32 small 211 1 2162688
32 small 220 1 0
32 small 221 1 2162688
32 small 230 1 0
32 small 231 1 2162688
32 main 92000 1 0
32 main 92001 1 0
32 main 92002 1 0
32 main 92003 0 0
32 main 92004 0 0
32 main 92005 0 0
32 main 92006 0 0
32 main 92007 0 0
32 main 92008 1 0
32 main 92009 1 0
32 main 92010 0 0
32 main 92011 1 0
32 main 92012 1 0
32 main 92100 0 0
32 main 92101 0 0
32 main 92102 0 0
32 main 92103 0 0
32 main 92104 0 0
32 main 92110 0 0
32 main 92111 0 0
32 main 92112 0 0
32 main 92113 0 0
32 main 92114 0 0
32 main 92120 1 0
32 large 0 0 0
33 hybrid 9043 1 0
33 hybrid 9044 1 0
33 hybrid 9045 1 0
33 hybrid 9046 1 0
33 hybrid 9047 1 0
33 hybrid 9049 1 0
33 hybrid 9055 1 0
33 hybrid 9056 1 0
33 small 110 1 34603008
33 small 111 1 34603008
33 small 120 1 34603008
33 small 121 1 34603008
33 small 130 1 34603008
33 small 140 1 34603008
33 small 210 1 0
33 small 211 1 17301504
33 small 220 1 0
33 small 221 1 17301504
33 small 230 1 0
33 small 231 1 17301504
33 main 92000 1 0
33 main 92001 1 0
33 main 92002 1 0
33 main 92003 0 0
33 main 92004 0 0
33 main 92005 0 0
33 main 92006 0 0
33 main 92007 0 0
33 main 92008 1 0
33 main 92009 1 0
33 main 92010 0 0
33 main 92011 1 0
33 main 92012 1 0
33 main 92100 0 0
33 main 92101 0 0
33 main 92102 0 0
33 main 92103 0 0
33 main 92104 0 0
33 main 92110 0 0
33 main 92111 0 0
33 main 92112 0 0
33 main 92113 0 0
33 main 92114 0 0
33 main 92120 1 0
33 large 0 0 0
34 hybrid 9043 1 0
34 hybrid 9044 1 0
34 hybrid 9045 1 0
34 hybrid 9046 1 0
34 hybrid 9047 1 0
34 hybrid 9049 1 0
34 hybrid 9055 1 0
34 hybrid 9056 1 0
34 small 110 1 4718592
34 small 111 1 4718592
34 small 120 1 4718592
34 small 121 1 4718592
34 small 130 1 4718592
34 small 140 1 4718592
34 small 210 1 0
34 small 211 1 2359296
34 small 220 1 0
34 small 221 1 2359296
34 small 230 1 0
34 small 231 1 2359296
34 main 92000 1 0
34 main 92001 1 0
34 main 92002 1 0
34 main 92003 0 0
34 main 92004 0 0
34 main 92005 0 0
34 main 92006 0 0
34 main 92007 0 0
34 main 92008 1 0
34 main 92009 1 0
34 main 92010 0 0
34 main 92011 1 0
34 main 92012 1 0
34 main 92100 0 0
34 main 92101 0 0
34 main 92102 0 0
34 main 92103 0 0
34 main 92104 0 0
34 main 92110 0 0
34 main 92111 0 0
34 main 92112 0 0
34 main 92113 0 0
34 main 92114 0 0
34 main 92120 1 0
34 large 0 0 0
35 hybrid 9043 1 0
35 hybrid 9044 1 0
35 hybrid 9045 1 0
35 hybrid 9046 1 0
35 hybrid 9047 1 0
35 hybrid 9049 1 0
35 hybrid 9055 1 0
35 hybrid 9056 1 0
35 small 110 1 5505024
35 small 111 1 5505024
35 small 120 1 5505024
35 small 121 1 5505024
35 small 130 1 5505024
35 small 140 1 5505024
35 small 210 1 0
35 small 211 1 2752512
35 small 220 1 0
35 small 221 1 2752512
35 small 230 1 0
35 small 231 1 2752512
35 main 92000 1 0
35 main 92001 1 0
35 main 92002 1 0
35 main 92003 0 0
35 main 92004 0 0
35 main 92005 0 0
35 main 92006 0 0
35 main 92007 0 0
35 main 92008 1 0
35 main 92009 1 0
35 main 92010 0 0
35 main 92011 1 0
35 main 92012 1 0
35 main 92100 0 0
35 main 92101 0 0
35 main 92102 0 0
35 main 92103 0 0
35 main 92104 0 0
35 main 92110 0 0
35 main 92111 0 0
35 main 92112 0 0
35 main 92113 0 0
35 main 92114 0 0
35 main 92120 1 0
35 large 0 0 0
36 hybrid 9043 1 0
36 hybrid 9044 1 0
36 hybrid 9045 1 0
36 hybrid 9046 1 0
36 hybrid 9047 1 0
36 hybrid 9049 1 0
36 hybrid 9055 1 0
36 hybrid 9056 1 0
36 small 110 1 5898240
36 small 111 1 5898240
36 small 120 1 5898240
36 small 121 1 5898240
36 small 130 1 5898240
36 small 140 1 5898240
36 small 210 1 0
36 small 211 1 2949120
36 small 220 1 0
36 small 221 1 2949120
36 small 230 1 0
36 small 231 1 2949120
36 main 92000 1 0
36 main 92001 1 0
36 main 92002 1 0
36 main 92003 0 0
36 main 92004 0 0
36 main 92005 0 0
36 main 92006 0 0
36 main 92007 0 0
36 main 92008 1 0
36 main 92009 1 0
36 main 92010 0 0
36 main 92011 1 0
36 main 92012 1 0
36 main 92100 0 0
36 main 92101 0 0
36 main 92102 0 0
36 main 92103 0 0
36 main 92104 0 0
36 main 92110 0 0
36 main 92111 0 0
36 main 92112 0 0
36 main 92113 0 0
36 main 92114 0 0
36 main 92120 1 0
36 large 0 0 0
37 hybrid 9043 1 0
37 hybrid 9044 1 0
37 hybrid 9045 1 0
37 hybrid 9046 1 0
37 hybrid 9047 1 0
37 hybrid 9049 1 0
37 hybrid 9055 1 0
37 hybrid 9056 1 0
37 small 110 1 6291456
37 small 111 1 6291456
37 small 120 1 6291456
37 small 121 1 6291456
37 small 130 1 6291456
37 small 140 1 6291456
37 small 210 1 0
37 small 211 1 3145728
37 small 220 1 0
37 small 221 1 3145728
37 small 230 1 0
37 small 231 1 3145728
37 main 92000 1 0
37 main 92001 1 0
37 main 92002 1 0
37 main 92003 0 0
37 main 92004 0 0
37 main 92005 0 0
37 main 92006 0 0
37 main 92007 0 0
37 main 92008 1 0
37 main 92009 1 0
37 main 92010 0 0
37 main 92011 1 0
37 main 92012 1 0
37 main 92100 0 0
37 main 92101 0 0
37 main 92102 0 0
37 main 92103 1 0
37 main 92104 0 0
37 main 92110 0 0
37 main 92111 0 0
37 main 92112 0 0
37 main 92113 1 0
37 main 92114 0 0
37 main 92120 1 0
37 large 0 0 0
38 hybrid 9043 1 0
38 hybrid 9044 1 0
38 hybrid 9045 1 0
38 hybrid 9046 1 0
38 hybrid 9047 0 0
38 hybrid 9049 0 0
38 hybrid 9055 1 0
38 hybrid 9056 1 0
38 small 110 0 0
38 small 111 0 0
38 small 120 0 0
38 small 121 0 0
38 small 130 0 0
38 small 140 0 0
38 small 210 1 0
38 small 211 1 33030144
38 small 220 1 0
38 small 221 1 33030144
38 small 230 1 0
38 small 231 1 33030144
38 main 92000 1 0
38 main 92001 1 0
38 main 92002 1 0
38 main 92003 1 0
38 main 92004 0 0
38 main 92005 0 0
38 main 92006 0 0
38 main 92007 0 0
38 main 92008 0 0
38 main 92009 0 0
38 main 92010 0 0
38 main 92011 0 0
38 main 92012 0 0
38 main 92100 0 0
38 main 92101 0 0
38 main 92102 0 0
38 main 92103 0 0
38 main 92104 0 0
38 main 92110 0 0
38 main 92111 0 0
38 main 92112 0 0
38 main 92113 0 0
38 main 92114 0 0
38 main 92120 0 0
38 large 0 0 0
39 hybrid 9043 1 0
39 hybrid 9044 1 0
39 hybrid 9045 1 0
39 hybrid 9046 1 0
39 hybrid 9047 0 0
39 hybrid 9049 0 0
39 hybrid 9055 1 0
39 hybrid 9056 1 0
39 small 110 0 0
39 small 111 0 0
39 small 120 0 0
39 small 121 0 0
39 small 130 0 0
39 small 140 0 0
39 small 210 1 0
39 small 211 1 17825792
39 small 220 1 0
39 small 221 1 17825792
39 small 230 1 0
39 small 231 1 17825792
39 main 92000 1 0
39 main 92001 1 0
39 main 92002 1 0
39 main 92003 0 0
39 main 92004 0 0
39 main 92005 0 0
39 main 92006 0 0
39 main 92007 0 0
39 main 92008 1 0
39 main 92009 1 0
39 main 92010 0 0
39 main 92011 1 0
39 main 92012 1 0
39 main 92100 0 0
39 main 92101 0 0
39 main 92102 0 0
39 main 92103 0 0
39 main 92104 0 0
39 main 92110 0 0
39 main 92111 0 0
39 main 92112 0 0
39 main 92113 0 0
39 main 92114 0 0
39 main 92120 1 0
39 large 0 0 0
