0 8 65536 1536
1 16 16384 1536
2 16 65536 1536
3 32 6144 7168
4 32 7168 7168
5 32 16384 1536
6 48 2048 7168
7 64 2048 7168
8 80 2048 7168
9 96 768 7168
10 96 2048 7168
11 112 2048 7168
12 128 768 7168
13 128 2048 7168
14 144 768 7168
15 144 2048 7168
16 160 768 7168
17 160 2048 7168
18 176 768 7168
19 176 2048 7168
20 192 768 7168
21 192 2048 7168
22 208 768 7168
23 224 768 7168
24 224 7168 768
25 240 768 7168
26 256 768 7168
27 256 7168 768
28 288 768 7168
29 288 7168 3072
30 320 768 7168
31 320 7168 3072
32 352 768 7168
33 352 6144 7168
34 384 768 7168
35 448 768 7168
36 480 768 7168
37 512 768 7168
38 576 7168 384
39 1088 2048 7168
