"CodeObj","Vaddr","Instruction","Hitcount","Latency","Stall","Idle","Source"
9,6656,"; _Z51gemm_a8w8_mxfp8_scale_4wave_256x256_padded_m_kernelI66opus_gemm_mxscale_bpreshuffle_4wave_256x256_padded_m_traits_gfx950Ev42opus_gemm_mxscale_bpreshuffle_kargs_gfx950",0,0,0,0,"void gemm_a8w8_mxfp8_scale_4wave_256x256_padded_m_kernel<opus_gemm_mxscale_bpreshuffle_4wave_256x256_padded_m_traits_gfx950>(opus_gemm_mxscale_bpreshuffle_kargs_gfx950)"
9,6656,"s_load_dwordx4 s[28:31], s[0:1], 0x0",4,16,0,116,""
9,6664,"s_load_dwordx2 s[6:7], s[0:1], 0x10",4,16,0,0,""
9,6672,"s_load_dwordx8 s[36:43], s[0:1], 0x18",4,16,0,0,""
9,6680,"s_load_dwordx2 s[34:35], s[0:1], 0x38",4,16,0,0,""
9,6688,"v_readfirstlane_b32 s23, v0",4,28,12,0,""
9,6692,"v_and_b32_e32 v211, 63, v0",4,36,20,0,""
9,6696,"s_bfe_u32 s57, s23, 0x10006",4,16,0,36,""
9,6704,"v_lshlrev_b32_e32 v3, 4, v0",4,16,0,0,""
9,6708,"v_lshlrev_b32_e32 v18, 4, v211",4,40,24,0,""
9,6712,"s_add_i32 s5, s23, 0x7f",4,16,0,0,""
9,6720,"s_cmpk_lt_u32 s5, 0xff",4,16,0,0,""
9,6724,"s_cselect_b64 s[44:45], -1, 0",4,16,0,0,""
9,6728,"s_cmpk_gt_u32 s5, 0xfe",4,16,0,0,""
9,6732,"s_waitcnt lgkmcnt(0)",4,3616,3616,0,""
9,6736,"s_mul_i32 s61, s41, s57",4,16,0,0,""
9,6740,"s_cbranch_scc0 4",4,16,0,16,""
9,6744,"v_lshl_add_u32 v2, s61, 7, v18",2,8,0,0,""
9,6752,"s_mov_b64 s[16:17], 0",2,8,0,24,""
9,6756,"s_branch 1",2,8,0,0,""
9,6760,"s_mov_b64 s[16:17], -1",2,8,0,32,""
9,6764,"s_load_dwordx8 s[8:15], s[0:1], 0x40",4,16,0,32,""
9,6772,"s_lshr_b32 s5, s23, 6",4,16,0,0,""
9,6776,"v_bfe_u32 v1, v0, 3, 3",4,16,0,0,""
9,6784,"s_lshl_b32 s52, s57, 7",4,16,0,8,""
9,6788,"s_and_b64 s[0:1], s[16:17], exec",4,16,0,0,""
9,6792,"s_cselect_b32 s0, 1, 0",4,16,0,0,""
9,6796,"s_cmp_lg_u32 s0, 1",4,16,0,0,""
9,6800,"v_and_b32_e32 v4, 0x70, v3",4,16,0,0,""
9,6808,"s_cbranch_scc1 8",4,16,0,0,""
9,6812,"v_lshl_or_b32 v2, v1, 1, s52",2,8,0,32,""
9,6820,"v_mad_u64_u32 v[2:3], s[0:1], v2, s40, v[4:5]",2,8,0,0,""
9,6828,"s_movk_i32 s56, 0x80",2,8,0,32,""
9,6832,"s_mov_b32 s60, 0",2,8,0,0,""
9,6836,"s_mov_b32 s0, s40",2,8,0,0,""
9,6840,"s_branch 4",2,8,0,0,""
9,6844,"s_movk_i32 s56, 0x800",2,8,0,32,""
9,6848,"s_movk_i32 s0, 0x400",2,8,0,24,""
9,6852,"s_mov_b32 s60, 0x10800",2,8,0,0,""
9,6860,"s_or_b32 s1, s37, s36",4,16,0,32,""
9,6864,"s_and_b32 s1, s1, 0x1ff",4,16,0,0,""
9,6872,"s_and_b32 s16, s3, 0xfffffe",4,16,0,0,""
9,6880,"s_and_b32 s17, s2, 1",4,16,0,8,""
9,6884,"s_or_b32 s16, s16, s17",4,16,0,0,""
9,6888,"s_and_b32 s17, s2, -2",4,16,0,0,""
9,6892,"s_and_b32 s18, s3, 1",4,16,0,0,""
9,6896,"s_or_b32 s17, s17, s18",4,16,0,0,""
9,6900,"s_cmp_eq_u32 s1, 0",4,16,0,0,""
9,6904,"s_cselect_b32 s20, s17, s2",4,16,0,0,""
9,6908,"s_cselect_b32 s1, s16, s3",4,16,0,0,""
9,6912,"s_lshl_b32 s33, s1, 8",4,16,0,0,""
9,6916,"s_sub_i32 s39, s36, s33",4,16,0,0,""
9,6920,"s_mul_i32 s1, s43, s4",4,16,0,0,""
9,6924,"s_ashr_i32 s2, s1, 31",4,16,0,0,""
9,6928,"s_add_u32 s1, s28, s1",4,16,0,0,""
9,6932,"s_addc_u32 s2, s29, s2",4,16,0,0,""
9,6936,"s_ashr_i32 s3, s23, 31",4,16,0,0,""
9,6940,"s_lshr_b32 s3, s3, 25",4,16,0,0,""
9,6944,"s_add_i32 s3, s23, s3",4,16,0,0,""
9,6948,"s_ashr_i32 s37, s3, 7",4,16,0,0,""
9,6952,"s_mul_i32 s26, s39, s40",4,16,0,0,""
9,6956,"s_mul_i32 s3, s33, s40",4,16,0,0,""
9,6960,"s_ashr_i32 s16, s3, 31",4,16,0,0,""
9,6964,"s_add_u32 s24, s1, s3",4,16,0,0,""
9,6968,"s_addc_u32 s1, s2, s16",4,16,0,0,""
9,6972,"s_and_b32 s25, s1, 0xffff",4,16,0,0,""
9,6980,"s_mov_b32 s19, 0x20000",4,16,0,0,""
9,6988,"s_mov_b32 s27, s19",4,16,0,0,""
9,6992,"s_lshl_b32 s1, s40, 4",4,16,0,0,""
9,6996,"s_mul_i32 s2, s1, s37",4,16,0,0,""
9,7000,"s_lshl_b32 s55, s40, 5",4,16,0,0,""
9,7004,"v_mul_lo_u32 v1, s40, v1",4,16,0,0,""
9,7012,"v_lshlrev_b32_e32 v1, 1, v1",4,40,24,0,""
9,7016,"s_mul_i32 s3, s57, s40",4,16,0,0,""
9,7020,"s_add_i32 s3, s3, s2",4,16,0,0,""
9,7024,"v_add3_u32 v1, s3, v4, v1",4,48,32,0,""
9,7032,"v_add_u32_e32 v3, s55, v1",4,64,48,0,""
9,7036,"s_lshl_b32 s58, s40, 6",4,16,0,0,""
9,7040,"v_add_u32_e32 v4, s58, v1",4,16,0,0,""
9,7044,"s_mul_i32 s2, s40, 0x60",4,16,0,0,""
9,7052,"v_add_u32_e32 v5, s2, v1",4,52,36,0,""
9,7056,"s_mul_i32 s59, s37, 0x840",4,16,0,0,""
9,7064,"s_waitcnt lgkmcnt(0)",4,2540,2540,0,""
9,7068,"s_mul_i32 s2, s12, s37",4,16,0,0,""
9,7072,"s_lshl_b32 s2, s2, 3",4,16,0,0,""
9,7076,"s_mul_i32 s3, s12, s57",4,16,0,0,""
9,7080,"s_lshl2_add_u32 s2, s3, s2",4,16,0,0,""
9,7084,"s_lshl_b32 s53, s5, 2",4,16,0,0,""
9,7088,"s_ashr_i32 s3, s33, 31",4,16,0,0,""
9,7092,"s_mul_i32 s16, s14, s4",4,16,0,0,""
9,7096,"s_ashr_i32 s17, s16, 31",4,16,0,0,""
9,7100,"s_add_u32 s8, s8, s16",4,16,0,0,""
9,7104,"s_addc_u32 s9, s9, s17",4,16,0,0,""
9,7108,"s_add_u32 s16, s8, s33",4,16,0,0,""
9,7112,"s_addc_u32 s3, s9, s3",4,16,0,0,""
9,7116,"v_mov_b32_e32 v224, v2",4,24,8,0,""
9,7120,"s_addk_i32 s0, 0xfbe0",4,16,0,0,""
9,7124,"v_add_u32_e32 v223, s0, v2",4,84,68,0,""
9,7128,"v_add_u32_e32 v2, s1, v2",4,36,20,0,""
9,7132,"v_add_u32_e32 v2, 0xfffff7c0, v2",4,16,0,0,""
9,7140,"v_mov_b32_e32 v222, v2",4,16,0,0,""
9,7144,"v_add_u32_e32 v221, s0, v2",4,16,0,0,""
9,7148,"s_mul_i32 s0, s57, 0x420",4,16,0,0,""
9,7156,"s_add_i32 s0, s0, s59",4,16,0,0,""
9,7160,"s_mov_b32 m0, s0",4,16,0,0,""
9,7164,"s_nop 0",4,16,16,0,""
9,7168,"buffer_load_dwordx4 v1, s[24:27], 0 offen lds",4,28,12,0,""
9,7176,"s_add_i32 m0, s0, 0x1080",4,16,0,0,""
9,7184,"s_nop 0",4,16,16,0,""
9,7188,"buffer_load_dwordx4 v3, s[24:27], 0 offen lds",4,20,4,0,""
9,7196,"s_add_i32 m0, s0, 0x2100",4,16,0,0,""
9,7204,"s_nop 0",4,16,16,0,""
9,7208,"buffer_load_dwordx4 v4, s[24:27], 0 offen lds",4,40,24,0,""
9,7216,"s_add_i32 m0, s0, 0x3180",4,16,0,0,""
9,7224,"s_nop 0",4,16,16,0,""
9,7228,"buffer_load_dwordx4 v5, s[24:27], 0 offen lds",4,76,60,0,""
9,7236,"s_lshl_b32 s1, s40, 7",4,16,0,0,""
9,7240,"v_add_u32_e32 v1, s1, v1",4,16,0,0,""
9,7244,"v_add_u32_e32 v2, s1, v3",4,16,0,0,""
9,7248,"v_add_u32_e32 v3, s1, v4",4,16,0,0,""
9,7252,"v_add_u32_e32 v4, s1, v5",4,16,0,0,""
9,7256,"s_add_i32 m0, s0, 0x4200",4,16,0,0,""
9,7264,"s_nop 0",4,16,16,0,""
9,7268,"buffer_load_dwordx4 v1, s[24:27], 0 offen lds",4,96,80,0,""
9,7276,"s_add_i32 m0, s0, 0x5280",4,16,0,0,""
9,7284,"s_nop 0",4,16,16,0,""
9,7288,"buffer_load_dwordx4 v2, s[24:27], 0 offen lds",4,140,124,0,""
9,7296,"s_add_i32 m0, s0, 0x6300",4,16,0,0,""
9,7304,"s_nop 0",4,16,16,0,""
9,7308,"buffer_load_dwordx4 v3, s[24:27], 0 offen lds",4,152,136,0,""
9,7316,"s_add_i32 m0, s0, 0x7380",4,16,0,0,""
9,7324,"s_nop 0",4,16,16,0,""
9,7328,"buffer_load_dwordx4 v4, s[24:27], 0 offen lds",4,144,128,0,""
9,7336,"v_lshrrev_b32_e32 v1, 4, v211",4,24,8,0,""
9,7340,"v_and_b32_e32 v2, 8, v0",4,20,0,0,""
9,7344,"v_lshlrev_b32_e32 v3, 1, v0",4,20,4,0,""
9,7348,"v_and_b32_e32 v3, 6, v3",4,16,0,0,""
9,7352,"v_bfe_u32 v4, v0, 2, 1",4,16,0,0,""
9,7360,"v_or3_b32 v2, v3, v2, v4",4,16,0,0,""
9,7368,"v_mul_lo_u32 v1, s12, v1",4,32,16,0,""
9,7376,"v_lshlrev_b32_e32 v2, 4, v2",4,16,0,0,""
9,7380,"v_add3_u32 v210, s2, v2, v1",4,16,0,0,""
9,7388,"s_sub_i32 s18, s14, s33",4,16,0,0,""
9,7392,"s_and_b32 s17, s3, 0xffff",4,16,0,0,""
9,7400,"s_lshr_b32 s43, s38, 7",4,16,0,0,""
9,7404,"s_cmp_gt_i32 s43, s53",4,16,0,0,""
9,7408,"s_cselect_b64 s[28:29], -1, 0",4,16,0,0,""
9,7412,"v_or_b32_e32 v1, s33, v2",4,16,0,0,""
9,7416,"v_cmp_gt_i32_e64 s[0:1], s36, v1",4,16,0,0,""
9,7424,"s_and_b64 s[8:9], s[28:29], s[0:1]",4,16,0,64,""
9,7428,"v_mov_b32_e32 v6, 0",4,16,0,0,""
9,7432,"v_mov_b32_e32 v7, 0",4,16,0,0,""
9,7436,"v_mov_b32_e32 v8, 0",4,16,0,0,""
9,7440,"v_mov_b32_e32 v9, 0",4,16,0,0,""
9,7444,"s_and_saveexec_b64 s[2:3], s[8:9]",4,16,0,0,""
9,7448,"s_cbranch_execz 2",4,16,0,16,""
9,7452,"buffer_load_dwordx4 v[6:9], v210, s[16:19], 0 offen",1,12,8,16,""
9,7460,"s_or_b64 exec, exec, s[2:3]",4,16,0,48,""
9,7464,"v_lshl_add_u32 v216, s12, 4, v210",4,16,0,0,""
9,7472,"s_add_i32 s54, s53, 16",4,16,0,0,""
9,7476,"s_cmp_lt_i32 s54, s43",4,16,0,0,""
9,7480,"s_cselect_b64 s[46:47], -1, 0",4,16,0,0,""
9,7484,"s_and_b64 s[8:9], s[46:47], s[0:1]",4,16,0,0,""
9,7488,"v_mov_b32_e32 v10, 0",4,16,0,0,""
9,7492,"v_mov_b32_e32 v11, 0",4,16,0,0,""
9,7496,"v_mov_b32_e32 v12, 0",4,16,0,0,""
9,7500,"v_mov_b32_e32 v2, 0",4,16,0,0,""
9,7504,"v_mov_b32_e32 v13, v2",4,16,0,0,""
9,7508,"s_and_saveexec_b64 s[2:3], s[8:9]",4,16,0,0,""
9,7512,"s_cbranch_execz 2",4,16,0,16,""
9,7516,"buffer_load_dwordx4 v[10:13], v216, s[16:19], 0 offen",0,0,0,0,""
9,7524,"s_or_b64 exec, exec, s[2:3]",4,16,0,64,""
9,7528,"s_lshl_b32 s2, s20, 8",4,16,0,0,""
9,7532,"s_mul_i32 s3, s15, s4",4,16,0,0,""
9,7536,"v_lshl_add_u32 v220, s12, 5, v210",4,16,0,0,""
9,7544,"s_add_i32 s8, s54, 16",4,16,0,0,""
9,7548,"s_cmp_lt_i32 s8, s43",4,16,0,0,""
9,7552,"s_cselect_b64 s[48:49], -1, 0",4,16,0,0,""
9,7556,"s_and_b64 s[14:15], s[48:49], s[0:1]",4,16,0,0,""
9,7560,"v_mov_b32_e32 v3, v2",4,16,0,0,""
9,7564,"v_mov_b32_e32 v4, v2",4,16,0,0,""
9,7568,"v_mov_b32_e32 v5, v2",4,16,0,0,""
9,7572,"s_and_saveexec_b64 s[8:9], s[14:15]",4,16,0,0,""
9,7576,"s_cbranch_execz 2",4,16,0,16,""
9,7580,"buffer_load_dwordx4 v[2:5], v220, s[16:19], 0 offen",0,0,0,0,""
9,7588,"s_or_b64 exec, exec, s[8:9]",4,16,0,64,""
9,7592,"s_mul_i32 s34, s34, s4",4,16,0,0,""
9,7596,"s_mul_i32 s27, s2, s41",4,16,0,0,""
9,7600,"v_mad_u64_u32 v[188:189], s[8:9], s12, 48, v[210:211]",4,16,0,0,""
9,7608,"s_add_i32 s8, s54, 32",4,16,0,64,""
9,7612,"s_cmp_lt_i32 s8, s43",4,16,0,0,""
9,7616,"s_cselect_b64 s[50:51], -1, 0",4,16,0,0,""
9,7620,"s_and_b64 s[14:15], s[50:51], s[0:1]",4,16,0,0,""
9,7624,"v_mov_b32_e32 v14, 0",4,16,0,0,""
9,7628,"v_mov_b32_e32 v15, 0",4,16,0,0,""
9,7632,"v_mov_b32_e32 v16, 0",4,16,0,0,""
9,7636,"v_mov_b32_e32 v17, 0",4,16,0,0,""
9,7640,"s_and_saveexec_b64 s[8:9], s[14:15]",4,16,0,0,""
9,7644,"s_cbranch_execz 2",4,16,0,16,""
9,7648,"buffer_load_dwordx4 v[14:17], v188, s[16:19], 0 offen",0,0,0,0,""
9,7656,"s_or_b64 exec, exec, s[8:9]",4,16,0,64,""
9,7660,"s_mov_b32 s22, s13",4,16,0,0,""
9,7664,"s_ashr_i32 s8, s3, 31",4,16,0,0,""
9,7668,"s_add_u32 s3, s10, s3",4,16,0,0,""
9,7672,"s_addc_u32 s8, s11, s8",4,16,0,0,""
9,7676,"s_lshl_b32 s9, s20, 1",4,16,0,0,""
9,7680,"s_or_b32 s9, s57, s9",4,16,0,0,""
9,7684,"s_mul_i32 s9, s9, s13",4,16,0,0,""
9,7688,"s_ashr_i32 s10, s9, 31",4,16,0,0,""
9,7692,"s_add_u32 s20, s3, s9",4,16,0,0,""
9,7696,"s_addc_u32 s3, s8, s10",4,16,0,0,""
9,7700,"s_and_b32 s21, s3, 0xffff",4,16,0,0,""
9,7708,"s_cmpk_lt_i32 s23, 0x80",4,16,0,0,""
9,7712,"s_cselect_b64 s[14:15], -1, 0",4,16,0,0,""
9,7716,"s_cmpk_gt_i32 s23, 0x7f",4,16,0,0,""
9,7720,"s_mov_b32 s23, 0x20000",4,16,0,0,""
9,7728,"s_cbranch_scc1 3",4,16,0,16,""
9,7732,"buffer_load_ubyte v22, v211, s[20:23], 0 offen",2,8,0,0,""
9,7740,"s_branch 1",2,8,0,0,""
9,7744,"v_mov_b32_e32 v22, 0",2,8,0,32,""
9,7748,"s_ashr_i32 s3, s34, 31",4,16,0,32,""
9,7752,"s_add_u32 s8, s30, s34",4,16,0,0,""
9,7756,"s_addc_u32 s3, s31, s3",4,16,0,0,""
9,7760,"s_ashr_i32 s9, s27, 31",4,16,0,0,""
9,7764,"s_add_u32 s8, s8, s27",4,16,0,0,""
9,7768,"s_addc_u32 s3, s3, s9",4,16,0,0,""
9,7772,"s_and_b32 s9, s3, 0xffff",4,16,0,0,""
9,7780,"s_mov_b32 s10, -1",4,16,0,0,""
9,7784,"s_mov_b32 s11, s23",4,16,0,0,""
9,7788,"s_mul_i32 s3, s41, s37",4,16,0,0,""
9,7792,"s_lshl_b32 s3, s3, 6",4,16,0,0,""
9,7796,"s_lshl_b32 s13, s61, 5",4,16,0,0,""
9,7800,"s_add_i32 s13, s13, s3",4,16,0,0,""
9,7804,"v_add_u32_e32 v19, s13, v18",4,16,0,0,""
9,7808,"v_add_u32_e32 v20, 0x400, v19",4,16,0,0,""
9,7816,"v_lshl_add_u32 v21, s41, 4, v19",4,16,0,0,""
9,7824,"v_add_u32_e32 v23, 0x400, v21",4,16,0,0,""
9,7832,"s_mul_i32 s3, s37, 0x2100",4,16,0,0,""
9,7840,"s_mul_i32 s34, s57, 0x1080",4,16,0,0,""
9,7848,"s_add_i32 s3, s34, s3",4,16,0,0,""
9,7852,"s_add_i32 s3, s3, 0x10800",4,16,0,0,""
9,7860,"s_mov_b32 m0, s3",4,16,0,0,""
9,7864,"s_nop 0",4,16,16,0,""
9,7868,"buffer_load_dwordx4 v19, s[8:11], 0 offen lds",4,32,16,0,""
9,7876,"s_add_i32 m0, s3, 0x420",4,16,0,0,""
9,7884,"s_nop 0",4,16,16,0,""
9,7888,"buffer_load_dwordx4 v20, s[8:11], 0 offen lds",4,28,12,0,""
9,7896,"s_add_i32 m0, s3, 0x840",4,16,0,0,""
9,7904,"s_nop 0",4,16,16,0,""
9,7908,"buffer_load_dwordx4 v21, s[8:11], 0 offen lds",4,40,24,0,""
9,7916,"s_add_i32 m0, s3, 0xc60",4,16,0,0,""
9,7924,"s_nop 0",4,16,16,0,""
9,7928,"buffer_load_dwordx4 v23, s[8:11], 0 offen lds",4,44,28,0,""
9,7936,"s_lshl_b32 s13, s41, 7",4,16,0,0,""
9,7940,"s_add_i32 m0, s3, 0x4200",4,16,0,0,""
9,7948,"s_nop 0",4,16,16,0,""
9,7952,"buffer_load_dwordx4 v19, s[8:11], s13 offen lds",4,76,36,0,""
9,7960,"s_add_i32 m0, s3, 0x4620",4,16,0,0,""
9,7968,"s_nop 0",4,16,16,0,""
9,7972,"buffer_load_dwordx4 v20, s[8:11], s13 offen lds",4,64,24,0,""
9,7980,"s_add_i32 m0, s3, 0x4a40",4,16,0,0,""
9,7988,"s_nop 0",4,16,16,0,""
9,7992,"buffer_load_dwordx4 v21, s[8:11], s13 offen lds",4,64,24,0,""
9,8000,"s_add_i32 m0, s3, 0x4e60",4,16,0,0,""
9,8008,"s_nop 0",4,16,16,0,""
9,8012,"buffer_load_dwordx4 v23, s[8:11], s13 offen lds",4,56,12,0,""
9,8020,"v_mov_b32_e32 v19, v211",4,16,0,0,""
9,8024,"s_nop 0",4,16,16,0,""
9,8028,"v_lshlrev_b32_e32 v20, 3, v19",4,16,0,0,""
9,8032,"v_and_b32_e32 v20, 32, v20",4,16,0,0,""
9,8036,"v_lshlrev_b32_e32 v21, 1, v19",4,16,0,0,""
9,8040,"v_and_b32_e32 v21, 6, v21",4,16,0,0,""
9,8044,"v_bfe_u32 v23, v19, 3, 1",4,16,0,0,""
9,8052,"v_or3_b32 v20, v20, v21, v23",4,16,0,0,""
9,8060,"v_ashrrev_i32_e32 v21, 31, v19",4,16,0,0,""
9,8064,"v_lshrrev_b32_e32 v23, 28, v21",4,16,0,0,""
9,8068,"s_lshl_b32 s3, s37, 11",4,16,0,0,""
9,8072,"s_lshl_b32 s10, s57, 10",4,16,0,0,""
9,8076,"v_add_lshl_u32 v23, v19, v23, 4",4,16,0,0,""
9,8084,"v_and_b32_e32 v23, 0xffffff00, v23",4,16,0,0,""
9,8092,"s_or_b32 s3, s10, s3",4,16,0,0,""
9,8096,"v_add_u32_e32 v23, s3, v23",4,16,0,0,""
9,8100,"v_lshl_or_b32 v20, v20, 2, v23",4,16,0,0,""
9,8108,"v_lshrrev_b32_e32 v21, 30, v21",4,16,0,0,""
9,8112,"v_add_u32_e32 v21, v19, v21",4,20,4,0,""
9,8116,"v_and_b32_e32 v21, -4, v21",4,16,0,0,""
9,8120,"v_sub_u32_e32 v21, v19, v21",4,16,0,0,""
9,8124,"v_and_b32_e32 v19, 1, v21",4,48,32,0,""
9,8128,"v_mov_b32_e32 v23, 0x3070105",4,16,0,0,""
9,8136,"v_mov_b32_e32 v24, 0x6020400",4,16,0,0,""
9,8144,"v_cmp_eq_u32_e32 vcc, 0, v19",4,20,4,0,""
9,8148,"s_nop 1",4,32,32,0,""
9,8152,"v_cndmask_b32_e32 v19, v23, v24, vcc",4,20,4,0,""
9,8156,"v_add_u32_e32 v21, 1, v21",4,16,0,0,""
9,8160,"v_mov_b32_e32 v23, 0x3020706",4,16,0,0,""
9,8168,"v_mov_b32_e32 v24, 0x5040100",4,16,0,0,""
9,8176,"s_and_b64 s[10:11], s[28:29], exec",4,16,0,0,""
9,8180,"s_cselect_b32 s10, 1, 0",4,16,0,0,""
9,8184,"s_cmp_lg_u32 s10, 1",4,16,0,0,""
9,8188,"v_cmp_gt_u32_e32 vcc, 3, v21",4,16,0,0,""
9,8192,"s_nop 1",4,32,32,0,""
9,8196,"v_cndmask_b32_e32 v21, v23, v24, vcc",4,16,0,0,""
9,8200,"s_cbranch_scc0 1906",4,16,0,0,""
9,8204,"s_and_b64 s[10:11], s[46:47], exec",3,12,0,0,""
9,8208,"s_cselect_b32 s10, 1, 0",3,12,0,0,""
9,8212,"s_cmp_lg_u32 s10, 1",3,12,0,0,""
9,8216,"s_cbranch_scc0 1950",3,12,0,12,""
9,8220,"s_and_b64 s[10:11], s[48:49], exec",4,16,0,16,""
9,8224,"s_cselect_b32 s10, 1, 0",4,16,0,48,""
9,8228,"s_cmp_lg_u32 s10, 1",4,16,0,0,""
9,8232,"s_cbranch_scc0 1996",4,16,0,16,""
9,8236,"s_and_b64 s[10:11], s[50:51], exec",4,16,0,0,""
9,8240,"s_cselect_b32 s10, 1, 0",4,16,0,0,""
9,8244,"s_cmp_lg_u32 s10, 1",4,16,0,0,""
9,8248,"s_cbranch_scc1 46",4,16,0,16,""
9,8252,"s_waitcnt vmcnt(8)",0,0,0,0,""
9,8256,"v_mov_b32_dpp v2, v14 quad_perm:[1,0,3,2] row_mask:0xf bank_mask:0xf bound_ctrl:1",0,0,0,0,""
9,8264,"v_perm_b32 v2, v2, v14, v19",0,0,0,0,""
9,8272,"s_nop 1",0,0,0,0,""
9,8276,"v_mov_b32_dpp v3, v2 quad_perm:[2,3,0,1] row_mask:0xf bank_mask:0xf bound_ctrl:1",0,0,0,0,""
9,8284,"v_perm_b32 v2, v3, v2, v21",0,0,0,0,""
9,8292,"v_add_u32_e32 v3, 0x21000, v20",0,0,0,0,""
9,8300,"v_mov_b32_dpp v4, v15 quad_perm:[1,0,3,2] row_mask:0xf bank_mask:0xf bound_ctrl:1",0,0,0,0,""
9,8308,"v_perm_b32 v4, v4, v15, v19",0,0,0,0,""
9,8316,"s_nop 1",0,0,0,0,""
9,8320,"v_mov_b32_dpp v5, v4 quad_perm:[2,3,0,1] row_mask:0xf bank_mask:0xf bound_ctrl:1",0,0,0,0,""
9,8328,"v_perm_b32 v4, v5, v4, v21",0,0,0,0,""
9,8336,"v_add_u32_e32 v3, 0x3000, v3",0,0,0,0,""
9,8344,"ds_write2_b32 v3, v2, v4 offset1:8",0,0,0,0,""
9,8352,"v_mov_b32_dpp v2, v16 quad_perm:[1,0,3,2] row_mask:0xf bank_mask:0xf bound_ctrl:1",0,0,0,0,""
9,8360,"v_perm_b32 v2, v2, v16, v19",0,0,0,0,""
9,8368,"s_nop 1",0,0,0,0,""
9,8372,"v_mov_b32_dpp v4, v2 quad_perm:[2,3,0,1] row_mask:0xf bank_mask:0xf bound_ctrl:1",0,0,0,0,""
9,8380,"v_perm_b32 v2, v4, v2, v21",0,0,0,0,""
9,8388,"s_nop 0",0,0,0,0,""
9,8392,"v_mov_b32_dpp v4, v17 quad_perm:[1,0,3,2] row_mask:0xf bank_mask:0xf bound_ctrl:1",0,0,0,0,""
9,8400,"v_perm_b32 v4, v4, v17, v19",0,0,0,0,""
9,8408,"s_nop 1",0,0,0,0,""
9,8412,"v_mov_b32_dpp v5, v4 quad_perm:[2,3,0,1] row_mask:0xf bank_mask:0xf bound_ctrl:1",0,0,0,0,""
9,8420,"v_perm_b32 v4, v5, v4, v21",0,0,0,0,""
9,8428,"ds_write2_b32 v3, v2, v4 offset0:16 offset1:24",0,0,0,0,""
9,8436,"s_and_b64 s[10:11], s[14:15], exec",4,16,0,64,""
9,8440,"s_cselect_b32 s10, 1, 0",4,16,0,0,""
9,8444,"s_cmp_lg_u32 s10, 1",4,16,0,0,""
9,8448,"v_lshl_add_u32 v219, v211, 3, s53",4,16,0,16,""
9,8456,"s_cbranch_scc1 5",4,16,0,0,""
9,8460,"s_waitcnt vmcnt(8)",2,8,8,0,""
9,8464,"v_add_u32_e32 v2, 0x25000, v219",2,8,0,0,""
9,8472,"ds_write_b32 v2, v22",2,16,0,16,""
9,8480,"s_mul_i32 s10, s57, 0x4200",4,16,0,32,""
9,8488,"s_add_i32 s48, s60, s10",4,16,0,0,""
9,8492,"s_and_b64 s[10:11], s[44:45], exec",4,16,0,0,""
9,8496,"s_cselect_b32 s9, s25, s9",4,16,0,0,""
9,8500,"s_cselect_b32 s8, s24, s8",4,16,0,0,""
9,8504,"s_cselect_b32 s11, 0x20000, 0x20000",4,16,0,0,""
9,8512,"s_cselect_b32 s10, s26, -1",4,16,0,0,""
9,8516,"s_waitcnt vmcnt(0) lgkmcnt(0)",4,448,448,0,""
9,8520,"s_cmpk_gt_u32 s38, 0xff",4,16,0,0,""
9,8524,"s_cselect_b64 s[24:25], -1, 0",4,16,0,0,""
9,8528,"s_cmpk_lt_u32 s38, 0x100",4,16,0,0,""
9,8532,"s_barrier",4,252,252,0,""
9,8536,"s_cbranch_scc1 37",4,16,0,0,""
9,8540,"s_add_i32 m0, s48, 0x8400",4,16,0,64,""
9,8548,"v_add_u32_e32 v2, s56, v224",4,20,4,0,""
9,8552,"s_nop 0",4,16,16,0,""
9,8556,"buffer_load_dwordx4 v2, s[8:11], 0 offen lds",4,56,40,16,""
9,8564,"v_add_u32_e32 v2, s56, v223",4,16,0,0,""
9,8568,"s_nop 0",4,16,16,0,""
9,8572,"buffer_load_dwordx4 v2, s[8:11], 0 offen offset:1056 lds",4,16,0,16,""
9,8580,"v_add_u32_e32 v2, s56, v222",4,16,0,0,""
9,8584,"s_nop 0",4,16,16,0,""
9,8588,"buffer_load_dwordx4 v2, s[8:11], 0 offen offset:2112 lds",4,16,0,16,""
9,8596,"v_add_u32_e32 v2, s56, v221",4,16,0,0,""
9,8600,"s_nop 0",4,16,16,0,""
9,8604,"buffer_load_dwordx4 v2, s[8:11], 0 offen offset:3168 lds",4,36,20,16,""
9,8612,"s_add_i32 m0, s48, 0x9480",4,16,0,0,""
9,8620,"s_add_i32 s13, s56, s55",4,16,0,0,""
9,8624,"v_add_u32_e32 v2, s13, v224",4,16,0,0,""
9,8628,"s_nop 0",4,16,16,0,""
9,8632,"buffer_load_dwordx4 v2, s[8:11], 0 offen lds",4,148,132,16,""
9,8640,"v_add_u32_e32 v2, s13, v223",4,16,0,0,""
9,8644,"s_nop 0",4,16,16,0,""
9,8648,"buffer_load_dwordx4 v2, s[8:11], 0 offen offset:1056 lds",4,208,192,16,""
9,8656,"v_add_u32_e32 v2, s13, v222",4,16,0,0,""
9,8660,"s_nop 0",4,16,16,0,""
9,8664,"buffer_load_dwordx4 v2, s[8:11], 0 offen offset:2112 lds",4,208,192,16,""
9,8672,"v_add_u32_e32 v2, s13, v221",4,16,0,0,""
9,8676,"s_nop 0",4,16,16,0,""
9,8680,"buffer_load_dwordx4 v2, s[8:11], 0 offen offset:3168 lds",4,208,192,16,""
9,8688,"s_mulk_i32 s57, 0x840",4,16,0,0,""
9,8692,"v_and_b32_e32 v2, 1, v0",4,68,52,0,""
9,8696,"v_mov_b32_e32 v3, 0x420",4,116,100,0,""
9,8704,"v_cmp_eq_u32_e32 vcc, 1, v2",4,16,0,0,""
9,8708,"s_nop 1",4,32,32,0,""
9,8712,"v_cndmask_b32_e32 v2, 0, v3, vcc",4,24,8,0,""
9,8716,"v_lshlrev_b32_e32 v3, 6, v0",4,44,28,0,""
9,8720,"v_and_b32_e32 v4, 48, v0",4,16,0,0,""
9,8724,"v_add_u32_e32 v2, v4, v2",4,16,0,0,""
9,8728,"s_movk_i32 s13, 0x380",4,16,0,0,""
9,8732,"v_and_or_b32 v2, v3, s13, v2",4,16,0,0,""
9,8740,"v_add_u32_e32 v218, s57, v2",4,16,0,0,""
9,8744,"v_add_u32_e32 v192, s59, v18",4,16,0,0,""
9,8748,"v_lshlrev_b32_e32 v0, 3, v0",4,16,0,0,""
9,8752,"v_and_b32_e32 v193, 0x78, v0",4,16,0,0,""
9,8760,"v_add_u32_e32 v0, s52, v193",4,16,0,0,""
9,8764,"v_or_b32_e32 v226, 0x21000, v0",4,16,0,0,""
9,8772,"ds_read2_b32 v[208:209], v226 offset1:1",4,20,4,32,""
9,8780,"v_mov_b32_e32 v0, 0x25000",4,96,80,0,""
9,8788,"ds_read2_b32 v[212:213], v0 offset1:1",4,28,12,32,""
9,8796,"v_add_u32_e32 v225, 0x10800, v192",4,16,0,0,""
9,8804,"ds_read_b128 a[64:67], v225",4,32,16,32,""
9,8812,"ds_read_b128 a[68:71], v225 offset:1056",4,40,24,0,""
9,8820,"ds_read_b128 a[72:75], v225 offset:4224",4,44,28,0,""
9,8828,"ds_read_b128 a[76:79], v225 offset:5280",4,56,40,0,""
9,8836,"ds_read_b128 a[80:83], v225 offset:8448",4,68,52,0,""
9,8844,"ds_read_b128 a[84:87], v225 offset:9504",4,60,44,0,""
9,8852,"ds_read_b128 a[88:91], v225 offset:12672",4,28,12,0,""
9,8860,"ds_read_b128 a[92:95], v225 offset:13728",4,36,20,4,""
9,8868,"ds_read_b128 a[0:3], v218",4,32,16,0,""
9,8876,"ds_read_b128 a[4:7], v218 offset:64",4,60,44,0,""
9,8884,"ds_read_b128 a[8:11], v218 offset:4224",4,36,20,0,""
9,8892,"ds_read_b128 a[12:15], v218 offset:4288",4,60,44,0,""
9,8900,"ds_read_b128 a[16:19], v218 offset:8448",4,52,36,0,""
9,8908,"ds_read_b128 a[20:23], v218 offset:8512",4,76,60,0,""
9,8916,"ds_read_b128 a[24:27], v218 offset:12672",4,64,48,0,""
9,8924,"ds_read_b128 a[28:31], v218 offset:12736",4,64,48,0,""
9,8932,"s_and_b64 s[26:27], s[24:25], exec",4,16,0,0,""
9,8936,"s_cselect_b32 s13, 1, 0",4,16,0,0,""
9,8940,"s_cmp_lg_u32 s13, 1",4,16,0,0,""
9,8944,"s_mov_b32 s13, 0",4,16,0,0,""
9,8948,"s_cbranch_scc1 38",4,16,0,16,""
9,8952,"s_add_i32 m0, s48, 0xa500",4,16,0,0,""
9,8960,"s_add_i32 s26, s56, s58",4,16,0,48,""
9,8964,"v_add_u32_e32 v0, s26, v224",4,16,0,0,""
9,8968,"s_nop 0",4,16,16,0,""
9,8972,"buffer_load_dwordx4 v0, s[8:11], 0 offen lds",4,16,0,16,""
9,8980,"v_add_u32_e32 v0, s26, v223",4,16,0,0,""
9,8984,"s_nop 0",4,16,16,0,""
9,8988,"buffer_load_dwordx4 v0, s[8:11], 0 offen offset:1056 lds",4,16,0,16,""
9,8996,"v_add_u32_e32 v0, s26, v222",4,16,0,0,""
9,9000,"s_nop 0",4,16,16,0,""
9,9004,"buffer_load_dwordx4 v0, s[8:11], 0 offen offset:2112 lds",4,24,8,16,""
9,9012,"v_add_u32_e32 v0, s26, v221",4,16,0,0,""
9,9016,"s_nop 0",4,16,16,0,""
9,9020,"buffer_load_dwordx4 v0, s[8:11], 0 offen offset:3168 lds",4,44,28,16,""
9,9028,"s_add_i32 m0, s48, 0xb580",4,16,0,0,""
9,9036,"s_add_i32 s26, s26, s55",4,16,0,0,""
9,9040,"v_add_u32_e32 v0, s26, v224",4,16,0,0,""
9,9044,"s_nop 0",4,16,16,0,""
9,9048,"buffer_load_dwordx4 v0, s[8:11], 0 offen lds",4,32,16,16,""
9,9056,"v_add_u32_e32 v0, s26, v223",4,16,0,0,""
9,9060,"s_nop 0",4,16,16,0,""
9,9064,"buffer_load_dwordx4 v0, s[8:11], 0 offen offset:1056 lds",4,48,32,16,""
9,9072,"v_add_u32_e32 v0, s26, v222",4,16,0,0,""
9,9076,"s_nop 0",4,16,16,0,""
9,9080,"buffer_load_dwordx4 v0, s[8:11], 0 offen offset:2112 lds",4,48,32,16,""
9,9088,"v_add_u32_e32 v0, s26, v221",4,16,0,0,""
9,9092,"s_nop 0",4,16,16,0,""
9,9096,"buffer_load_dwordx4 v0, s[8:11], 0 offen offset:3168 lds",4,48,32,16,""
9,9104,"ds_read_b128 a[32:35], v218 offset:16896",4,28,12,0,""
9,9112,"ds_read_b128 a[36:39], v218 offset:16960",4,24,8,0,""
9,9120,"ds_read_b128 a[40:43], v218 offset:21120",4,24,8,0,""
9,9128,"ds_read_b128 a[44:47], v218 offset:21184",4,24,8,0,""
9,9136,"ds_read_b128 a[48:51], v218 offset:25344",4,24,8,0,""
9,9144,"ds_read_b128 a[52:55], v218 offset:25408",4,48,32,0,""
9,9152,"ds_read_b128 a[56:59], v218 offset:29568",4,48,32,0,""
9,9160,"ds_read_b128 a[60:63], v218 offset:29632",4,48,32,0,""
9,9168,"ds_read_b128 a[96:99], v225 offset:16896",4,52,36,0,""
9,9176,"ds_read_b128 a[100:103], v225 offset:17952",4,64,48,0,""
9,9184,"ds_read_b128 a[104:107], v225 offset:21120",4,64,48,0,""
9,9192,"ds_read_b128 a[108:111], v225 offset:22176",4,64,48,0,""
9,9200,"ds_read_b128 a[112:115], v225 offset:25344",4,64,48,0,""
9,9208,"ds_read_b128 a[116:119], v225 offset:26400",4,64,48,0,""
9,9216,"ds_read_b128 a[120:123], v225 offset:29568",4,64,48,0,""
9,9224,"ds_read_b128 a[124:127], v225 offset:30624",4,64,48,0,""
9,9232,"s_setprio 1",4,16,16,0,""
9,9236,"v_mov_b32_e32 v8, 0",4,16,0,0,""
9,9240,"s_mov_b32 s29, 0x8400",4,16,0,0,""
9,9248,"s_cmpk_lt_u32 s38, 0x180",4,16,0,0,""
9,9252,"s_cbranch_scc1 1792",4,16,0,16,""
9,9256,"v_accvgpr_write_b32 a239, v193",4,16,0,0,""
9,9264,"v_accvgpr_write_b32 a240, v188",4,16,0,0,""
9,9272,"v_accvgpr_write_b32 a237, v192",4,16,0,0,""
9,9280,"s_add_i32 s13, s43, -2",4,16,0,16,""
9,9284,"s_cmp_eq_u32 s43, 3",4,16,0,0,""
9,9288,"v_mov_b32_e32 v0, 0",4,16,0,0,""
9,9292,"v_mov_b32_e32 v2, 0",4,16,0,0,""
9,9296,"v_mov_b32_e32 v3, 0",4,16,0,0,""
9,9300,"v_mov_b32_e32 v4, 0",4,36,20,0,""
9,9304,"v_mov_b32_e32 v5, 0",4,16,0,0,""
9,9308,"v_mov_b32_e32 v6, 0",4,16,0,0,""
9,9312,"v_mov_b32_e32 v7, 0",4,52,36,0,""
9,9316,"v_mov_b32_e32 v9, 0",4,16,0,0,""
9,9320,"v_mov_b32_e32 v10, 0",4,16,0,0,""
9,9324,"v_mov_b32_e32 v11, 0",4,16,0,0,""
9,9328,"v_mov_b32_e32 v12, 0",4,16,0,0,""
9,9332,"v_mov_b32_e32 v13, 0",4,48,32,0,""
9,9336,"v_mov_b32_e32 v14, 0",4,36,20,0,""
9,9340,"v_mov_b32_e32 v15, 0",4,16,0,0,""
9,9344,"v_mov_b32_e32 v196, 0",4,16,0,0,""
9,9348,"v_mov_b32_e32 v197, 0",4,16,0,0,""
9,9352,"v_mov_b32_e32 v198, 0",4,16,0,0,""
9,9356,"v_mov_b32_e32 v199, 0",4,16,0,0,""
9,9360,"v_mov_b32_e32 v200, 0",4,16,0,0,""
9,9364,"v_mov_b32_e32 v201, 0",4,16,0,0,""
9,9368,"v_mov_b32_e32 v202, 0",4,16,0,0,""
9,9372,"v_mov_b32_e32 v203, 0",4,16,0,0,""
9,9376,"v_mov_b32_e32 v206, 0",4,16,0,0,""
9,9380,"v_mov_b32_e32 v207, 0",4,16,0,0,""
9,9384,"v_mov_b32_e32 v214, 0",4,16,0,0,""
9,9388,"v_mov_b32_e32 v215, 0",4,16,0,0,""
9,9392,"v_mov_b32_e32 v227, 0",4,16,0,0,""
9,9396,"v_mov_b32_e32 v228, 0",4,16,0,0,""
9,9400,"v_mov_b32_e32 v229, 0",4,16,0,0,""
9,9404,"v_mov_b32_e32 v230, 0",4,16,0,0,""
9,9408,"v_mov_b32_e32 v231, 0",4,16,0,0,""
9,9412,"v_mov_b32_e32 v232, 0",4,16,0,0,""
9,9416,"v_mov_b32_e32 v237, 0",4,16,0,0,""
9,9420,"v_mov_b32_e32 v239, 0",4,16,0,0,""
9,9424,"v_mov_b32_e32 v240, 0",4,16,0,0,""
9,9428,"v_mov_b32_e32 v243, 0",4,16,0,0,""
9,9432,"v_mov_b32_e32 v247, 0",4,16,0,0,""
9,9436,"v_mov_b32_e32 v250, 0",4,16,0,0,""
9,9440,"v_mov_b32_e32 v253, 0",4,16,0,0,""
9,9444,"v_mov_b32_e32 v255, 0",4,16,0,0,""
9,9448,"v_accvgpr_write_b32 a213, 0",4,16,0,0,""
9,9456,"v_accvgpr_write_b32 a214, 0",4,16,0,0,""
9,9464,"v_accvgpr_write_b32 a215, 0",4,16,0,0,""
9,9472,"v_accvgpr_write_b32 a216, 0",4,16,0,0,""
9,9480,"v_accvgpr_write_b32 a217, 0",4,16,0,0,""
9,9488,"v_accvgpr_write_b32 a218, 0",4,16,0,0,""
9,9496,"v_accvgpr_write_b32 a219, 0",4,16,0,0,""
9,9504,"v_accvgpr_write_b32 a220, 0",4,16,0,0,""
9,9512,"v_accvgpr_write_b32 a221, 0",4,16,0,0,""
9,9520,"v_accvgpr_write_b32 a222, 0",4,16,0,0,""
9,9528,"v_accvgpr_write_b32 a223, 0",4,16,0,0,""
9,9536,"v_accvgpr_write_b32 a224, 0",4,16,0,0,""
9,9544,"v_accvgpr_write_b32 a225, 0",4,16,0,0,""
9,9552,"v_accvgpr_write_b32 a226, 0",4,16,0,0,""
9,9560,"v_accvgpr_write_b32 a227, 0",4,16,0,0,""
9,9568,"v_accvgpr_write_b32 a228, 0",4,16,0,0,""
9,9576,"v_accvgpr_write_b32 a229, 0",4,16,0,0,""
9,9584,"v_accvgpr_write_b32 a230, 0",4,16,0,0,""
9,9592,"v_accvgpr_write_b32 a231, 0",4,16,0,0,""
9,9600,"v_accvgpr_write_b32 a232, 0",4,16,0,0,""
9,9608,"v_accvgpr_write_b32 a233, 0",4,16,0,0,""
9,9616,"v_accvgpr_write_b32 a234, 0",4,16,0,0,""
9,9624,"v_accvgpr_write_b32 a235, 0",4,16,0,0,""
9,9632,"v_accvgpr_write_b32 a236, 0",4,16,0,0,""
9,9640,"v_mov_b32_e32 v192, 0",4,16,0,0,""
9,9644,"v_mov_b32_e32 v193, 0",4,16,0,0,""
9,9648,"v_mov_b32_e32 v194, 0",4,16,0,0,""
9,9652,"v_mov_b32_e32 v195, 0",4,16,0,0,""
9,9656,"v_mov_b32_e32 v233, 0",4,16,0,0,""
9,9660,"v_mov_b32_e32 v234, 0",4,16,0,0,""
9,9664,"v_mov_b32_e32 v235, 0",4,16,0,0,""
9,9668,"v_mov_b32_e32 v236, 0",4,16,0,0,""
9,9672,"v_mov_b32_e32 v238, 0",4,16,0,0,""
9,9676,"v_mov_b32_e32 v241, 0",4,16,0,0,""
9,9680,"v_mov_b32_e32 v244, 0",4,16,0,0,""
9,9684,"v_mov_b32_e32 v246, 0",4,16,0,0,""
9,9688,"v_mov_b32_e32 v248, 0",4,16,0,0,""
9,9692,"v_mov_b32_e32 v251, 0",4,16,0,0,""
9,9696,"v_mov_b32_e32 v254, 0",4,16,0,0,""
9,9700,"v_accvgpr_write_b32 a212, 0",4,16,0,0,""
9,9708,"v_mov_b32_e32 v242, 0",4,16,0,0,""
9,9712,"v_mov_b32_e32 v245, 0",4,16,0,0,""
9,9716,"v_mov_b32_e32 v249, 0",4,16,0,0,""
9,9720,"v_mov_b32_e32 v252, 0",4,16,0,0,""
9,9724,"s_cbranch_scc1 1928",4,16,0,0,""
9,9728,"v_cmp_le_i32_e32 vcc, s36, v1",0,0,0,0,""
9,9732,"s_sub_i32 s26, s43, s54",0,0,0,0,""
9,9736,"s_add_i32 s51, s26, -1",0,0,0,0,""
9,9740,"s_sub_i32 s57, s26, 17",0,0,0,0,""
9,9744,"s_sub_i32 s58, s26, 33",0,0,0,0,""
9,9748,"s_sub_i32 s59, s43, s53",0,0,0,0,""
9,9752,"s_and_b32 s50, s13, -2",0,0,0,0,""
9,9756,"s_add_i32 s60, s48, 0x1080",0,0,0,0,""
9,9764,"s_add_i32 s61, s48, 0x2100",0,0,0,0,""
9,9772,"s_add_i32 s62, s48, 0x3180",0,0,0,0,""
9,9780,"s_add_i32 s63, s48, 0x8400",0,0,0,0,""
9,9788,"s_add_i32 s64, s48, 0x9480",0,0,0,0,""
9,9796,"s_add_i32 s65, s48, 0xa500",0,0,0,0,""
9,9804,"s_add_i32 s66, s48, 0xb580",0,0,0,0,""
9,9812,"v_mov_b32_e32 v140, 0",0,0,0,0,""
9,9816,"s_mov_b32 s40, 0",0,0,0,0,""
9,9820,"s_movk_i32 s67, 0x100",0,0,0,0,""
9,9824,"s_mov_b32 s49, 1",0,0,0,0,""
9,9828,"s_xor_b64 s[26:27], vcc, -1",0,0,0,0,""
9,9832,"v_mov_b32_e32 v227, v211",0,0,0,0,""
9,9836,"v_mov_b32_e32 v141, v140",0,0,0,0,""
9,9840,"v_mov_b32_e32 v142, v140",0,0,0,0,""
9,9844,"v_mov_b32_e32 v143, v140",0,0,0,0,""
9,9848,"v_mov_b32_e32 v156, v140",0,0,0,0,""
9,9852,"v_mov_b32_e32 v157, v140",0,0,0,0,""
9,9856,"v_mov_b32_e32 v158, v140",0,0,0,0,""
9,9860,"v_mov_b32_e32 v159, v140",0,0,0,0,""
9,9864,"v_mov_b32_e32 v148, v140",0,0,0,0,""
9,9868,"v_mov_b32_e32 v149, v140",0,0,0,0,""
9,9872,"v_mov_b32_e32 v150, v140",0,0,0,0,""
9,9876,"v_mov_b32_e32 v151, v140",0,0,0,0,""
9,9880,"v_mov_b32_e32 v144, v140",0,0,0,0,""
9,9884,"v_mov_b32_e32 v145, v140",0,0,0,0,""
9,9888,"v_mov_b32_e32 v146, v140",0,0,0,0,""
9,9892,"v_mov_b32_e32 v147, v140",0,0,0,0,""
9,9896,"v_mov_b32_e32 v168, v140",0,0,0,0,""
9,9900,"v_mov_b32_e32 v169, v140",0,0,0,0,""
9,9904,"v_mov_b32_e32 v170, v140",0,0,0,0,""
9,9908,"v_mov_b32_e32 v171, v140",0,0,0,0,""
9,9912,"v_mov_b32_e32 v164, v140",0,0,0,0,""
9,9916,"v_mov_b32_e32 v165, v140",0,0,0,0,""
9,9920,"v_mov_b32_e32 v166, v140",0,0,0,0,""
9,9924,"v_mov_b32_e32 v167, v140",0,0,0,0,""
9,9928,"v_mov_b32_e32 v160, v140",0,0,0,0,""
9,9932,"v_mov_b32_e32 v161, v140",0,0,0,0,""
9,9936,"v_mov_b32_e32 v162, v140",0,0,0,0,""
9,9940,"v_mov_b32_e32 v163, v140",0,0,0,0,""
9,9944,"v_mov_b32_e32 v152, v140",0,0,0,0,""
9,9948,"v_mov_b32_e32 v153, v140",0,0,0,0,""
9,9952,"v_mov_b32_e32 v154, v140",0,0,0,0,""
9,9956,"v_mov_b32_e32 v155, v140",0,0,0,0,""
9,9960,"v_mov_b32_e32 v172, v140",0,0,0,0,""
9,9964,"v_mov_b32_e32 v173, v140",0,0,0,0,""
9,9968,"v_mov_b32_e32 v174, v140",0,0,0,0,""
9,9972,"v_mov_b32_e32 v175, v140",0,0,0,0,""
9,9976,"v_mov_b32_e32 v176, v140",0,0,0,0,""
9,9980,"v_mov_b32_e32 v177, v140",0,0,0,0,""
9,9984,"v_mov_b32_e32 v178, v140",0,0,0,0,""
9,9988,"v_mov_b32_e32 v179, v140",0,0,0,0,""
9,9992,"v_mov_b32_e32 v180, v140",0,0,0,0,""
9,9996,"v_mov_b32_e32 v181, v140",0,0,0,0,""
9,10000,"v_mov_b32_e32 v182, v140",0,0,0,0,""
9,10004,"v_mov_b32_e32 v183, v140",0,0,0,0,""
9,10008,"v_accvgpr_write_b32 a128, v140",0,0,0,0,""
9,10016,"v_accvgpr_write_b32 a129, v140",0,0,0,0,""
9,10024,"v_accvgpr_write_b32 a130, v140",0,0,0,0,""
9,10032,"v_accvgpr_write_b32 a131, v140",0,0,0,0,""
9,10040,"v_accvgpr_write_b32 a132, v140",0,0,0,0,""
9,10048,"v_accvgpr_write_b32 a133, v140",0,0,0,0,""
9,10056,"v_accvgpr_write_b32 a134, v140",0,0,0,0,""
9,10064,"v_accvgpr_write_b32 a135, v140",0,0,0,0,""
9,10072,"v_accvgpr_write_b32 a136, v140",0,0,0,0,""
9,10080,"v_accvgpr_write_b32 a137, v140",0,0,0,0,""
9,10088,"v_accvgpr_write_b32 a138, v140",0,0,0,0,""
9,10096,"v_accvgpr_write_b32 a139, v140",0,0,0,0,""
9,10104,"v_accvgpr_write_b32 a140, v140",0,0,0,0,""
9,10112,"v_accvgpr_write_b32 a141, v140",0,0,0,0,""
9,10120,"v_accvgpr_write_b32 a142, v140",0,0,0,0,""
9,10128,"v_accvgpr_write_b32 a143, v140",0,0,0,0,""
9,10136,"v_accvgpr_write_b32 a144, v140",0,0,0,0,""
9,10144,"v_accvgpr_write_b32 a145, v140",0,0,0,0,""
9,10152,"v_accvgpr_write_b32 a146, v140",0,0,0,0,""
9,10160,"v_accvgpr_write_b32 a147, v140",0,0,0,0,""
9,10168,"v_mov_b32_e32 v136, v140",0,0,0,0,""
9,10172,"v_mov_b32_e32 v137, v140",0,0,0,0,""
9,10176,"v_mov_b32_e32 v138, v140",0,0,0,0,""
9,10180,"v_mov_b32_e32 v139, v140",0,0,0,0,""
9,10184,"v_mov_b32_e32 v132, v140",0,0,0,0,""
9,10188,"v_mov_b32_e32 v133, v140",0,0,0,0,""
9,10192,"v_mov_b32_e32 v134, v140",0,0,0,0,""
9,10196,"v_mov_b32_e32 v135, v140",0,0,0,0,""
9,10200,"v_mov_b32_e32 v128, v140",0,0,0,0,""
9,10204,"v_mov_b32_e32 v129, v140",0,0,0,0,""
9,10208,"v_mov_b32_e32 v130, v140",0,0,0,0,""
9,10212,"v_mov_b32_e32 v131, v140",0,0,0,0,""
9,10216,"v_mov_b32_e32 v124, v140",0,0,0,0,""
9,10220,"v_mov_b32_e32 v125, v140",0,0,0,0,""
9,10224,"v_mov_b32_e32 v126, v140",0,0,0,0,""
9,10228,"v_mov_b32_e32 v127, v140",0,0,0,0,""
9,10232,"v_mov_b32_e32 v120, v140",0,0,0,0,""
9,10236,"v_mov_b32_e32 v121, v140",0,0,0,0,""
9,10240,"v_mov_b32_e32 v122, v140",0,0,0,0,""
9,10244,"v_mov_b32_e32 v123, v140",0,0,0,0,""
9,10248,"v_mov_b32_e32 v116, v140",0,0,0,0,""
9,10252,"v_mov_b32_e32 v117, v140",0,0,0,0,""
9,10256,"v_mov_b32_e32 v118, v140",0,0,0,0,""
9,10260,"v_mov_b32_e32 v119, v140",0,0,0,0,""
9,10264,"v_mov_b32_e32 v112, v140",0,0,0,0,""
9,10268,"v_mov_b32_e32 v113, v140",0,0,0,0,""
9,10272,"v_mov_b32_e32 v114, v140",0,0,0,0,""
9,10276,"v_mov_b32_e32 v115, v140",0,0,0,0,""
9,10280,"v_mov_b32_e32 v108, v140",0,0,0,0,""
9,10284,"v_mov_b32_e32 v109, v140",0,0,0,0,""
9,10288,"v_mov_b32_e32 v110, v140",0,0,0,0,""
9,10292,"v_mov_b32_e32 v111, v140",0,0,0,0,""
9,10296,"v_mov_b32_e32 v104, v140",0,0,0,0,""
9,10300,"v_mov_b32_e32 v105, v140",0,0,0,0,""
9,10304,"v_mov_b32_e32 v106, v140",0,0,0,0,""
9,10308,"v_mov_b32_e32 v107, v140",0,0,0,0,""
9,10312,"v_mov_b32_e32 v100, v140",0,0,0,0,""
9,10316,"v_mov_b32_e32 v101, v140",0,0,0,0,""
9,10320,"v_mov_b32_e32 v102, v140",0,0,0,0,""
9,10324,"v_mov_b32_e32 v103, v140",0,0,0,0,""
9,10328,"v_mov_b32_e32 v92, v140",0,0,0,0,""
9,10332,"v_mov_b32_e32 v93, v140",0,0,0,0,""
9,10336,"v_mov_b32_e32 v94, v140",0,0,0,0,""
9,10340,"v_mov_b32_e32 v95, v140",0,0,0,0,""
9,10344,"v_mov_b32_e32 v84, v140",0,0,0,0,""
9,10348,"v_mov_b32_e32 v85, v140",0,0,0,0,""
9,10352,"v_mov_b32_e32 v86, v140",0,0,0,0,""
9,10356,"v_mov_b32_e32 v87, v140",0,0,0,0,""
9,10360,"v_mov_b32_e32 v76, v140",0,0,0,0,""
9,10364,"v_mov_b32_e32 v77, v140",0,0,0,0,""
9,10368,"v_mov_b32_e32 v78, v140",0,0,0,0,""
9,10372,"v_mov_b32_e32 v79, v140",0,0,0,0,""
9,10376,"v_mov_b32_e32 v72, v140",0,0,0,0,""
9,10380,"v_mov_b32_e32 v73, v140",0,0,0,0,""
9,10384,"v_mov_b32_e32 v74, v140",0,0,0,0,""
9,10388,"v_mov_b32_e32 v75, v140",0,0,0,0,""
9,10392,"v_mov_b32_e32 v64, v140",0,0,0,0,""
9,10396,"v_mov_b32_e32 v65, v140",0,0,0,0,""
9,10400,"v_mov_b32_e32 v66, v140",0,0,0,0,""
9,10404,"v_mov_b32_e32 v67, v140",0,0,0,0,""
9,10408,"v_mov_b32_e32 v56, v140",0,0,0,0,""
9,10412,"v_mov_b32_e32 v57, v140",0,0,0,0,""
9,10416,"v_mov_b32_e32 v58, v140",0,0,0,0,""
9,10420,"v_mov_b32_e32 v59, v140",0,0,0,0,""
9,10424,"v_accvgpr_write_b32 a148, v140",0,0,0,0,""
9,10432,"v_accvgpr_write_b32 a149, v140",0,0,0,0,""
9,10440,"v_accvgpr_write_b32 a150, v140",0,0,0,0,""
9,10448,"v_accvgpr_write_b32 a151, v140",0,0,0,0,""
9,10456,"v_accvgpr_write_b32 a152, v140",0,0,0,0,""
9,10464,"v_accvgpr_write_b32 a153, v140",0,0,0,0,""
9,10472,"v_accvgpr_write_b32 a154, v140",0,0,0,0,""
9,10480,"v_accvgpr_write_b32 a155, v140",0,0,0,0,""
9,10488,"v_accvgpr_write_b32 a156, v140",0,0,0,0,""
9,10496,"v_accvgpr_write_b32 a157, v140",0,0,0,0,""
9,10504,"v_accvgpr_write_b32 a158, v140",0,0,0,0,""
9,10512,"v_accvgpr_write_b32 a159, v140",0,0,0,0,""
9,10520,"v_accvgpr_write_b32 a160, v140",0,0,0,0,""
9,10528,"v_accvgpr_write_b32 a161, v140",0,0,0,0,""
9,10536,"v_accvgpr_write_b32 a162, v140",0,0,0,0,""
9,10544,"v_accvgpr_write_b32 a163, v140",0,0,0,0,""
9,10552,"v_accvgpr_write_b32 a164, v140",0,0,0,0,""
9,10560,"v_accvgpr_write_b32 a165, v140",0,0,0,0,""
9,10568,"v_accvgpr_write_b32 a166, v140",0,0,0,0,""
9,10576,"v_accvgpr_write_b32 a167, v140",0,0,0,0,""
9,10584,"v_accvgpr_write_b32 a168, v140",0,0,0,0,""
9,10592,"v_accvgpr_write_b32 a169, v140",0,0,0,0,""
9,10600,"v_accvgpr_write_b32 a170, v140",0,0,0,0,""
9,10608,"v_accvgpr_write_b32 a171, v140",0,0,0,0,""
9,10616,"v_accvgpr_write_b32 a172, v140",0,0,0,0,""
9,10624,"v_accvgpr_write_b32 a173, v140",0,0,0,0,""
9,10632,"v_accvgpr_write_b32 a174, v140",0,0,0,0,""
9,10640,"v_accvgpr_write_b32 a175, v140",0,0,0,0,""
9,10648,"v_accvgpr_write_b32 a176, v140",0,0,0,0,""
9,10656,"v_accvgpr_write_b32 a177, v140",0,0,0,0,""
9,10664,"v_accvgpr_write_b32 a178, v140",0,0,0,0,""
9,10672,"v_accvgpr_write_b32 a179, v140",0,0,0,0,""
9,10680,"v_accvgpr_write_b32 a180, v140",0,0,0,0,""
9,10688,"v_accvgpr_write_b32 a181, v140",0,0,0,0,""
9,10696,"v_accvgpr_write_b32 a182, v140",0,0,0,0,""
9,10704,"v_accvgpr_write_b32 a183, v140",0,0,0,0,""
9,10712,"v_accvgpr_write_b32 a184, v140",0,0,0,0,""
9,10720,"v_accvgpr_write_b32 a185, v140",0,0,0,0,""
9,10728,"v_accvgpr_write_b32 a186, v140",0,0,0,0,""
9,10736,"v_accvgpr_write_b32 a187, v140",0,0,0,0,""
9,10744,"v_accvgpr_write_b32 a188, v140",0,0,0,0,""
9,10752,"v_accvgpr_write_b32 a189, v140",0,0,0,0,""
9,10760,"v_accvgpr_write_b32 a190, v140",0,0,0,0,""
9,10768,"v_accvgpr_write_b32 a191, v140",0,0,0,0,""
9,10776,"v_accvgpr_write_b32 a192, v140",0,0,0,0,""
9,10784,"v_accvgpr_write_b32 a193, v140",0,0,0,0,""
9,10792,"v_accvgpr_write_b32 a194, v140",0,0,0,0,""
9,10800,"v_accvgpr_write_b32 a195, v140",0,0,0,0,""
9,10808,"v_accvgpr_write_b32 a196, v140",0,0,0,0,""
9,10816,"v_accvgpr_write_b32 a197, v140",0,0,0,0,""
9,10824,"v_accvgpr_write_b32 a198, v140",0,0,0,0,""
9,10832,"v_accvgpr_write_b32 a199, v140",0,0,0,0,""
9,10840,"v_accvgpr_write_b32 a200, v140",0,0,0,0,""
9,10848,"v_accvgpr_write_b32 a201, v140",0,0,0,0,""
9,10856,"v_accvgpr_write_b32 a202, v140",0,0,0,0,""
9,10864,"v_accvgpr_write_b32 a203, v140",0,0,0,0,""
9,10872,"v_accvgpr_write_b32 a204, v140",0,0,0,0,""
9,10880,"v_accvgpr_write_b32 a205, v140",0,0,0,0,""
9,10888,"v_accvgpr_write_b32 a206, v140",0,0,0,0,""
9,10896,"v_accvgpr_write_b32 a207, v140",0,0,0,0,""
9,10904,"v_accvgpr_write_b32 a208, v140",0,0,0,0,""
9,10912,"v_accvgpr_write_b32 a209, v140",0,0,0,0,""
9,10920,"v_accvgpr_write_b32 a210, v140",0,0,0,0,""
9,10928,"v_accvgpr_write_b32 a211, v140",0,0,0,0,""
9,10936,"v_mov_b32_e32 v96, v140",0,0,0,0,""
9,10940,"v_mov_b32_e32 v97, v140",0,0,0,0,""
9,10944,"v_mov_b32_e32 v98, v140",0,0,0,0,""
9,10948,"v_mov_b32_e32 v99, v140",0,0,0,0,""
9,10952,"v_mov_b32_e32 v88, v140",0,0,0,0,""
9,10956,"v_mov_b32_e32 v89, v140",0,0,0,0,""
9,10960,"v_mov_b32_e32 v90, v140",0,0,0,0,""
9,10964,"v_mov_b32_e32 v91, v140",0,0,0,0,""
9,10968,"v_mov_b32_e32 v80, v140",0,0,0,0,""
9,10972,"v_mov_b32_e32 v81, v140",0,0,0,0,""
9,10976,"v_mov_b32_e32 v82, v140",0,0,0,0,""
9,10980,"v_mov_b32_e32 v83, v140",0,0,0,0,""
9,10984,"v_mov_b32_e32 v68, v140",0,0,0,0,""
9,10988,"v_mov_b32_e32 v69, v140",0,0,0,0,""
9,10992,"v_mov_b32_e32 v70, v140",0,0,0,0,""
9,10996,"v_mov_b32_e32 v71, v140",0,0,0,0,""
9,11000,"v_mov_b32_e32 v60, v140",0,0,0,0,""
9,11004,"v_mov_b32_e32 v61, v140",0,0,0,0,""
9,11008,"v_mov_b32_e32 v62, v140",0,0,0,0,""
9,11012,"v_mov_b32_e32 v63, v140",0,0,0,0,""
9,11016,"v_mov_b32_e32 v52, v140",0,0,0,0,""
9,11020,"v_mov_b32_e32 v53, v140",0,0,0,0,""
9,11024,"v_mov_b32_e32 v54, v140",0,0,0,0,""
9,11028,"v_mov_b32_e32 v55, v140",0,0,0,0,""
9,11032,"v_mov_b32_e32 v48, v140",0,0,0,0,""
9,11036,"v_mov_b32_e32 v49, v140",0,0,0,0,""
9,11040,"v_mov_b32_e32 v50, v140",0,0,0,0,""
9,11044,"v_mov_b32_e32 v51, v140",0,0,0,0,""
9,11048,"v_mov_b32_e32 v40, v140",0,0,0,0,""
9,11052,"v_mov_b32_e32 v41, v140",0,0,0,0,""
9,11056,"v_mov_b32_e32 v42, v140",0,0,0,0,""
9,11060,"v_mov_b32_e32 v43, v140",0,0,0,0,""
9,11064,"v_mov_b32_e32 v44, v140",0,0,0,0,""
9,11068,"v_mov_b32_e32 v45, v140",0,0,0,0,""
9,11072,"v_mov_b32_e32 v46, v140",0,0,0,0,""
9,11076,"v_mov_b32_e32 v47, v140",0,0,0,0,""
9,11080,"v_mov_b32_e32 v36, v140",0,0,0,0,""
9,11084,"v_mov_b32_e32 v37, v140",0,0,0,0,""
9,11088,"v_mov_b32_e32 v38, v140",0,0,0,0,""
9,11092,"v_mov_b32_e32 v39, v140",0,0,0,0,""
9,11096,"v_mov_b32_e32 v32, v140",0,0,0,0,""
9,11100,"v_mov_b32_e32 v33, v140",0,0,0,0,""
9,11104,"v_mov_b32_e32 v34, v140",0,0,0,0,""
9,11108,"v_mov_b32_e32 v35, v140",0,0,0,0,""
9,11112,"v_mov_b32_e32 v28, v140",0,0,0,0,""
9,11116,"v_mov_b32_e32 v29, v140",0,0,0,0,""
9,11120,"v_mov_b32_e32 v30, v140",0,0,0,0,""
9,11124,"v_mov_b32_e32 v31, v140",0,0,0,0,""
9,11128,"v_mov_b32_e32 v24, v140",0,0,0,0,""
9,11132,"v_mov_b32_e32 v25, v140",0,0,0,0,""
9,11136,"v_mov_b32_e32 v26, v140",0,0,0,0,""
9,11140,"v_mov_b32_e32 v27, v140",0,0,0,0,""
9,11144,"v_mov_b32_e32 v20, v140",0,0,0,0,""
9,11148,"v_mov_b32_e32 v21, v140",0,0,0,0,""
9,11152,"v_mov_b32_e32 v22, v140",0,0,0,0,""
9,11156,"v_mov_b32_e32 v23, v140",0,0,0,0,""
9,11160,"v_mov_b32_e32 v16, v140",0,0,0,0,""
9,11164,"v_mov_b32_e32 v17, v140",0,0,0,0,""
9,11168,"v_mov_b32_e32 v18, v140",0,0,0,0,""
9,11172,"v_mov_b32_e32 v19, v140",0,0,0,0,""
9,11176,"v_mov_b32_e32 v184, v140",0,0,0,0,""
9,11180,"v_mov_b32_e32 v185, v140",0,0,0,0,""
9,11184,"v_mov_b32_e32 v186, v140",0,0,0,0,""
9,11188,"v_mov_b32_e32 v187, v140",0,0,0,0,""
9,11192,"v_accvgpr_read_b32 v228, a240",0,0,0,0,""
9,11200,"s_branch 424",0,0,0,0,""
9,11204,"s_nop 0",0,0,0,0,""
9,11208,"s_nop 0",0,0,0,0,""
9,11212,"s_nop 0",0,0,0,0,""
9,11216,"s_nop 0",0,0,0,0,""
9,11220,"s_nop 0",0,0,0,0,""
9,11224,"s_nop 0",0,0,0,0,""
9,11228,"s_nop 0",0,0,0,0,""
9,11232,"s_waitcnt lgkmcnt(0)",0,0,0,0,""
9,11236,"s_barrier",0,0,0,0,""
9,11240,"s_waitcnt lgkmcnt(14)",0,0,0,0,""
9,11244,"v_mfma_scale_f32_16x16x128_f8f6f4 v[96:99], a[64:71], a[0:7], v[96:99], v214, v206 op_sel_hi:[0,0,0]",0,0,0,0,""
9,11260,"v_mfma_scale_f32_16x16x128_f8f6f4 v[88:91], a[72:79], a[0:7], v[88:91], v214, v206 op_sel_hi:[0,0,0]",0,0,0,0,""
9,11276,"v_mfma_scale_f32_16x16x128_f8f6f4 v[80:83], a[80:87], a[0:7], v[80:83], v214, v206 op_sel_hi:[0,0,0]",0,0,0,0,""
9,11292,"s_add_i32 s28, s67, 0x100",0,0,0,0,""
9,11300,"s_add_i32 s29, s49, 1",0,0,0,0,""
9,11304,"v_mfma_scale_f32_16x16x128_f8f6f4 v[68:71], a[88:95], a[0:7], v[68:71], v214, v206 op_sel_hi:[0,0,0]",0,0,0,0,""
9,11320,"s_and_b32 s29, s29, 63",0,0,0,0,""
9,11324,"s_lshl_b32 s29, s29, 3",0,0,0,0,""
9,11328,"s_and_b32 s28, s28, 0x3f00",0,0,0,0,""
9,11336,"s_add_i32 s30, s69, s56",0,0,0,0,""
9,11340,"v_add_u32_e32 v188, s28, v226",0,0,0,0,""
9,11344,"ds_read_b64 v[208:209], v188",0,0,0,0,""
9,11352,"v_mfma_scale_f32_16x16x128_f8f6f4 v[60:63], a[64:71], a[8:15], v[60:63], v214, v206 op_sel:[0,1,0] op_sel_hi:[0,0,0]",0,0,0,0,""
9,11368,"s_waitcnt vmcnt(0) lgkmcnt(0)",0,0,0,0,""
9,11372,"s_mov_b32 m0, s63",0,0,0,0,""
9,11376,"v_mfma_scale_f32_16x16x128_f8f6f4 v[52:55], a[72:79], a[8:15], v[52:55], v214, v206 op_sel:[0,1,0] op_sel_hi:[0,0,0]",0,0,0,0,""
9,11392,"v_mfma_scale_f32_16x16x128_f8f6f4 v[48:51], a[80:87], a[8:15], v[48:51], v214, v206 op_sel:[0,1,0] op_sel_hi:[0,0,0]",0,0,0,0,""
9,11408,"v_mfma_scale_f32_16x16x128_f8f6f4 v[40:43], a[88:95], a[8:15], v[40:43], v214, v206 op_sel:[0,1,0] op_sel_hi:[0,0,0]",0,0,0,0,""
9,11424,"s_barrier",0,0,0,0,""
9,11428,"v_add_u32_e32 v188, s30, v224",0,0,0,0,""
9,11432,"s_nop 0",0,0,0,0,""
9,11436,"buffer_load_dwordx4 v188, s[8:11], 0 offen lds",0,0,0,0,""
9,11444,"v_mfma_scale_f32_16x16x128_f8f6f4 v[44:47], a[64:71], a[16:23], v[44:47], v214, v206 op_sel_hi:[0,1,0]",0,0,0,0,""
9,11460,"v_add_u32_e32 v188, s30, v223",0,0,0,0,""
9,11464,"s_nop 0",0,0,0,0,""
9,11468,"buffer_load_dwordx4 v188, s[8:11], 0 offen offset:1056 lds",0,0,0,0,""
9,11476,"v_mfma_scale_f32_16x16x128_f8f6f4 v[36:39], a[72:79], a[16:23], v[36:39], v214, v206 op_sel_hi:[0,1,0]",0,0,0,0,""
9,11492,"v_mfma_scale_f32_16x16x128_f8f6f4 v[32:35], a[80:87], a[16:23], v[32:35], v214, v206 op_sel_hi:[0,1,0]",0,0,0,0,""
9,11508,"v_add_u32_e32 v188, s30, v222",0,0,0,0,""
9,11512,"s_nop 0",0,0,0,0,""
9,11516,"buffer_load_dwordx4 v188, s[8:11], 0 offen offset:2112 lds",0,0,0,0,""
9,11524,"v_mfma_scale_f32_16x16x128_f8f6f4 v[28:31], a[88:95], a[16:23], v[28:31], v214, v206 op_sel_hi:[0,1,0]",0,0,0,0,""
9,11540,"v_mfma_scale_f32_16x16x128_f8f6f4 v[24:27], a[64:71], a[24:31], v[24:27], v214, v206 op_sel:[0,1,0] op_sel_hi:[0,1,0]",0,0,0,0,""
9,11556,"v_add_u32_e32 v188, s30, v221",0,0,0,0,""
9,11560,"s_nop 0",0,0,0,0,""
9,11564,"buffer_load_dwordx4 v188, s[8:11], 0 offen offset:3168 lds",0,0,0,0,""
9,11572,"v_mfma_scale_f32_16x16x128_f8f6f4 v[20:23], a[72:79], a[24:31], v[20:23], v214, v206 op_sel:[0,1,0] op_sel_hi:[0,1,0]",0,0,0,0,""
9,11588,"v_mfma_scale_f32_16x16x128_f8f6f4 v[16:19], a[80:87], a[24:31], v[16:19], v214, v206 op_sel:[0,1,0] op_sel_hi:[0,1,0]",0,0,0,0,""
9,11604,"s_add_i32 s28, s30, s55",0,0,0,0,""
9,11608,"v_add_u32_e32 v188, s28, v224",0,0,0,0,""
9,11612,"s_mov_b32 m0, s64",0,0,0,0,""
9,11616,"s_nop 0",0,0,0,0,""
9,11620,"buffer_load_dwordx4 v188, s[8:11], 0 offen lds",0,0,0,0,""
9,11628,"v_mfma_scale_f32_16x16x128_f8f6f4 v[184:187], a[88:95], a[24:31], v[184:187], v214, v206 op_sel:[0,1,0] op_sel_hi:[0,1,0]",0,0,0,0,""
9,11644,"v_mfma_scale_f32_16x16x128_f8f6f4 v[136:139], a[64:71], a[32:39], v[136:139], v214, v207 op_sel_hi:[0,0,0]",0,0,0,0,""
9,11660,"v_add_u32_e32 v188, s28, v223",0,0,0,0,""
9,11664,"s_nop 0",0,0,0,0,""
9,11668,"buffer_load_dwordx4 v188, s[8:11], 0 offen offset:1056 lds",0,0,0,0,""
9,11676,"v_mfma_scale_f32_16x16x128_f8f6f4 v[132:135], a[72:79], a[32:39], v[132:135], v214, v207 op_sel_hi:[0,0,0]",0,0,0,0,""
9,11692,"v_mfma_scale_f32_16x16x128_f8f6f4 v[128:131], a[80:87], a[32:39], v[128:131], v214, v207 op_sel_hi:[0,0,0]",0,0,0,0,""
9,11708,"v_add_u32_e32 v188, s28, v222",0,0,0,0,""
9,11712,"s_nop 0",0,0,0,0,""
9,11716,"buffer_load_dwordx4 v188, s[8:11], 0 offen offset:2112 lds",0,0,0,0,""
9,11724,"v_mfma_scale_f32_16x16x128_f8f6f4 v[124:127], a[88:95], a[32:39], v[124:127], v214, v207 op_sel_hi:[0,0,0]",0,0,0,0,""
9,11740,"s_or_b32 s29, s29, 0x25000",0,0,0,0,""
9,11748,"v_mov_b32_e32 v188, s29",0,0,0,0,""
9,11752,"ds_read_b64 v[212:213], v188",0,0,0,0,""
9,11760,"v_mfma_scale_f32_16x16x128_f8f6f4 v[120:123], a[64:71], a[40:47], v[120:123], v214, v207 op_sel:[0,1,0] op_sel_hi:[0,0,0]",0,0,0,0,""
9,11776,"v_add_u32_e32 v188, s28, v221",0,0,0,0,""
9,11780,"s_nop 0",0,0,0,0,""
9,11784,"buffer_load_dwordx4 v188, s[8:11], 0 offen offset:3168 lds",0,0,0,0,""
9,11792,"v_mfma_scale_f32_16x16x128_f8f6f4 v[116:119], a[72:79], a[40:47], v[116:119], v214, v207 op_sel:[0,1,0] op_sel_hi:[0,0,0]",0,0,0,0,""
9,11808,"v_mfma_scale_f32_16x16x128_f8f6f4 v[112:115], a[80:87], a[40:47], v[112:115], v214, v207 op_sel:[0,1,0] op_sel_hi:[0,0,0]",0,0,0,0,""
9,11824,"s_add_i32 s28, s28, s55",0,0,0,0,""
9,11828,"v_add_u32_e32 v188, s28, v224",0,0,0,0,""
9,11832,"s_mov_b32 m0, s65",0,0,0,0,""
9,11836,"s_nop 0",0,0,0,0,""
9,11840,"buffer_load_dwordx4 v188, s[8:11], 0 offen lds",0,0,0,0,""
9,11848,"v_mfma_scale_f32_16x16x128_f8f6f4 v[108:111], a[88:95], a[40:47], v[108:111], v214, v207 op_sel:[0,1,0] op_sel_hi:[0,0,0]",0,0,0,0,""
9,11864,"v_mfma_scale_f32_16x16x128_f8f6f4 v[104:107], a[64:71], a[48:55], v[104:107], v214, v207 op_sel_hi:[0,1,0]",0,0,0,0,""
9,11880,"v_add_u32_e32 v188, s28, v223",0,0,0,0,""
9,11884,"s_nop 0",0,0,0,0,""
9,11888,"buffer_load_dwordx4 v188, s[8:11], 0 offen offset:1056 lds",0,0,0,0,""
9,11896,"v_mfma_scale_f32_16x16x128_f8f6f4 v[100:103], a[72:79], a[48:55], v[100:103], v214, v207 op_sel_hi:[0,1,0]",0,0,0,0,""
9,11912,"v_mfma_scale_f32_16x16x128_f8f6f4 v[92:95], a[80:87], a[48:55], v[92:95], v214, v207 op_sel_hi:[0,1,0]",0,0,0,0,""
9,11928,"v_add_u32_e32 v188, s28, v222",0,0,0,0,""
9,11932,"s_nop 0",0,0,0,0,""
9,11936,"buffer_load_dwordx4 v188, s[8:11], 0 offen offset:2112 lds",0,0,0,0,""
9,11944,"v_mfma_scale_f32_16x16x128_f8f6f4 v[84:87], a[88:95], a[48:55], v[84:87], v214, v207 op_sel_hi:[0,1,0]",0,0,0,0,""
9,11960,"v_mfma_scale_f32_16x16x128_f8f6f4 v[76:79], a[64:71], v[8:15], v[76:79], v214, v207 op_sel:[0,1,0] op_sel_hi:[0,1,0]",0,0,0,0,""
9,11976,"v_add_u32_e32 v188, s28, v221",0,0,0,0,""
9,11980,"s_nop 0",0,0,0,0,""
9,11984,"buffer_load_dwordx4 v188, s[8:11], 0 offen offset:3168 lds",0,0,0,0,""
9,11992,"v_mfma_scale_f32_16x16x128_f8f6f4 v[72:75], a[72:79], v[8:15], v[72:75], v214, v207 op_sel:[0,1,0] op_sel_hi:[0,1,0]",0,0,0,0,""
9,12008,"v_mfma_scale_f32_16x16x128_f8f6f4 v[64:67], a[80:87], v[8:15], v[64:67], v214, v207 op_sel:[0,1,0] op_sel_hi:[0,1,0]",0,0,0,0,""
9,12024,"v_mfma_scale_f32_16x16x128_f8f6f4 v[56:59], a[88:95], v[8:15], v[56:59], v214, v207 op_sel:[0,1,0] op_sel_hi:[0,1,0]",0,0,0,0,""
9,12040,"ds_read_b128 a[64:67], v225",0,0,0,0,""
9,12048,"ds_read_b128 a[68:71], v225 offset:1056",0,0,0,0,""
9,12056,"s_mov_b32 m0, s66",0,0,0,0,""
9,12060,"v_mfma_scale_f32_16x16x128_f8f6f4 a[148:151], a[96:103], a[0:7], a[148:151], v215, v206 op_sel_hi:[0,0,0]",0,0,0,0,""
9,12076,"s_add_i32 s28, s28, s55",0,0,0,0,""
9,12080,"v_add_u32_e32 v188, s28, v224",0,0,0,0,""
9,12084,"s_nop 0",0,0,0,0,""
9,12088,"buffer_load_dwordx4 v188, s[8:11], 0 offen lds",0,0,0,0,""
9,12096,"v_mfma_scale_f32_16x16x128_f8f6f4 a[152:155], a[104:111], a[0:7], a[152:155], v215, v206 op_sel_hi:[0,0,0]",0,0,0,0,""
9,12112,"ds_read_b128 a[72:75], v225 offset:4224",0,0,0,0,""
9,12120,"ds_read_b128 a[76:79], v225 offset:5280",0,0,0,0,""
9,12128,"v_mfma_scale_f32_16x16x128_f8f6f4 a[156:159], a[112:119], a[0:7], a[156:159], v215, v206 op_sel_hi:[0,0,0]",0,0,0,0,""
9,12144,"v_mfma_scale_f32_16x16x128_f8f6f4 a[160:163], v[0:7], a[0:7], a[160:163], v215, v206 op_sel_hi:[0,0,0]",0,0,0,0,""
9,12160,"ds_read_b128 a[0:3], v218",0,0,0,0,""
9,12168,"ds_read_b128 a[4:7], v218 offset:64",0,0,0,0,""
9,12176,"ds_read_b128 a[80:83], v225 offset:8448",0,0,0,0,""
9,12184,"ds_read_b128 a[84:87], v225 offset:9504",0,0,0,0,""
9,12192,"v_mfma_scale_f32_16x16x128_f8f6f4 a[164:167], a[96:103], a[8:15], a[164:167], v215, v206 op_sel:[0,1,0] op_sel_hi:[0,0,0]",0,0,0,0,""
9,12208,"v_add_u32_e32 v188, s28, v223",0,0,0,0,""
9,12212,"s_nop 0",0,0,0,0,""
9,12216,"buffer_load_dwordx4 v188, s[8:11], 0 offen offset:1056 lds",0,0,0,0,""
9,12224,"v_mfma_scale_f32_16x16x128_f8f6f4 a[168:171], a[104:111], a[8:15], a[168:171], v215, v206 op_sel:[0,1,0] op_sel_hi:[0,0,0]",0,0,0,0,""
9,12240,"ds_read_b128 a[88:91], v225 offset:12672",0,0,0,0,""
9,12248,"ds_read_b128 a[92:95], v225 offset:13728",0,0,0,0,""
9,12256,"v_add_u32_e32 v188, s28, v222",0,0,0,0,""
9,12260,"s_nop 0",0,0,0,0,""
9,12264,"buffer_load_dwordx4 v188, s[8:11], 0 offen offset:2112 lds",0,0,0,0,""
9,12272,"v_mfma_scale_f32_16x16x128_f8f6f4 a[172:175], a[112:119], a[8:15], a[172:175], v215, v206 op_sel:[0,1,0] op_sel_hi:[0,0,0]",0,0,0,0,""
9,12288,"v_mfma_scale_f32_16x16x128_f8f6f4 a[176:179], v[0:7], a[8:15], a[176:179], v215, v206 op_sel:[0,1,0] op_sel_hi:[0,0,0]",0,0,0,0,""
9,12304,"ds_read_b128 a[8:11], v218 offset:4224",0,0,0,0,""
9,12312,"ds_read_b128 a[12:15], v218 offset:4288",0,0,0,0,""
9,12320,"v_add_u32_e32 v188, s28, v221",0,0,0,0,""
9,12324,"s_nop 0",0,0,0,0,""
9,12328,"buffer_load_dwordx4 v188, s[8:11], 0 offen offset:3168 lds",0,0,0,0,""
9,12336,"v_mfma_scale_f32_16x16x128_f8f6f4 a[180:183], a[96:103], a[16:23], a[180:183], v215, v206 op_sel_hi:[0,1,0]",0,0,0,0,""
9,12352,"v_mfma_scale_f32_16x16x128_f8f6f4 a[184:187], a[104:111], a[16:23], a[184:187], v215, v206 op_sel_hi:[0,1,0]",0,0,0,0,""
9,12368,"v_mfma_scale_f32_16x16x128_f8f6f4 a[188:191], a[112:119], a[16:23], a[188:191], v215, v206 op_sel_hi:[0,1,0]",0,0,0,0,""
9,12384,"v_mfma_scale_f32_16x16x128_f8f6f4 a[192:195], v[0:7], a[16:23], a[192:195], v215, v206 op_sel_hi:[0,1,0]",0,0,0,0,""
9,12400,"ds_read_b128 a[16:19], v218 offset:8448",0,0,0,0,""
9,12408,"ds_read_b128 a[20:23], v218 offset:8512",0,0,0,0,""
9,12416,"v_mfma_scale_f32_16x16x128_f8f6f4 a[196:199], a[96:103], a[24:31], a[196:199], v215, v206 op_sel:[0,1,0] op_sel_hi:[0,1,0]",0,0,0,0,""
9,12432,"v_mfma_scale_f32_16x16x128_f8f6f4 a[200:203], a[104:111], a[24:31], a[200:203], v215, v206 op_sel:[0,1,0] op_sel_hi:[0,1,0]",0,0,0,0,""
9,12448,"v_mfma_scale_f32_16x16x128_f8f6f4 a[204:207], a[112:119], a[24:31], a[204:207], v215, v206 op_sel:[0,1,0] op_sel_hi:[0,1,0]",0,0,0,0,""
9,12464,"v_mfma_scale_f32_16x16x128_f8f6f4 a[208:211], v[0:7], a[24:31], a[208:211], v215, v206 op_sel:[0,1,0] op_sel_hi:[0,1,0]",0,0,0,0,""
9,12480,"ds_read_b128 a[24:27], v218 offset:12672",0,0,0,0,""
9,12488,"ds_read_b128 a[28:31], v218 offset:12736",0,0,0,0,""
9,12496,"v_mfma_scale_f32_16x16x128_f8f6f4 v[140:143], a[96:103], a[32:39], v[140:143], v215, v207 op_sel_hi:[0,0,0]",0,0,0,0,""
9,12512,"v_mfma_scale_f32_16x16x128_f8f6f4 v[156:159], a[104:111], a[32:39], v[156:159], v215, v207 op_sel_hi:[0,0,0]",0,0,0,0,""
9,12528,"v_mfma_scale_f32_16x16x128_f8f6f4 v[148:151], a[112:119], a[32:39], v[148:151], v215, v207 op_sel_hi:[0,0,0]",0,0,0,0,""
9,12544,"v_mfma_scale_f32_16x16x128_f8f6f4 v[144:147], v[0:7], a[32:39], v[144:147], v215, v207 op_sel_hi:[0,0,0]",0,0,0,0,""
9,12560,"ds_read_b128 a[32:35], v218 offset:16896",0,0,0,0,""
9,12568,"ds_read_b128 a[36:39], v218 offset:16960",0,0,0,0,""
9,12576,"v_mfma_scale_f32_16x16x128_f8f6f4 v[168:171], a[96:103], a[40:47], v[168:171], v215, v207 op_sel:[0,1,0] op_sel_hi:[0,0,0]",0,0,0,0,""
9,12592,"ds_read_b128 a[120:123], v225 offset:29568",0,0,0,0,""
9,12600,"ds_read_b128 a[124:127], v225 offset:30624",0,0,0,0,""
9,12608,"v_mfma_scale_f32_16x16x128_f8f6f4 v[164:167], a[104:111], a[40:47], v[164:167], v215, v207 op_sel:[0,1,0] op_sel_hi:[0,0,0]",0,0,0,0,""
9,12624,"v_mfma_scale_f32_16x16x128_f8f6f4 v[160:163], a[112:119], a[40:47], v[160:163], v215, v207 op_sel:[0,1,0] op_sel_hi:[0,0,0]",0,0,0,0,""
9,12640,"v_mfma_scale_f32_16x16x128_f8f6f4 v[152:155], v[0:7], a[40:47], v[152:155], v215, v207 op_sel:[0,1,0] op_sel_hi:[0,0,0]",0,0,0,0,""
9,12656,"ds_read_b128 a[40:43], v218 offset:21120",0,0,0,0,""
9,12664,"ds_read_b128 a[44:47], v218 offset:21184",0,0,0,0,""
9,12672,"ds_read_b128 a[56:59], v218 offset:29568",0,0,0,0,""
9,12680,"ds_read_b128 a[60:63], v218 offset:29632",0,0,0,0,""
9,12688,"v_mfma_scale_f32_16x16x128_f8f6f4 v[172:175], a[96:103], a[48:55], v[172:175], v215, v207 op_sel_hi:[0,1,0]",0,0,0,0,""
9,12704,"v_mfma_scale_f32_16x16x128_f8f6f4 a[132:135], a[96:103], v[8:15], a[132:135], v215, v207 op_sel:[0,1,0] op_sel_hi:[0,1,0]",0,0,0,0,""
9,12720,"ds_read_b128 a[96:99], v225 offset:16896",0,0,0,0,""
9,12728,"ds_read_b128 a[100:103], v225 offset:17952",0,0,0,0,""
9,12736,"v_mfma_scale_f32_16x16x128_f8f6f4 v[176:179], a[104:111], a[48:55], v[176:179], v215, v207 op_sel_hi:[0,1,0]",0,0,0,0,""
9,12752,"v_mfma_scale_f32_16x16x128_f8f6f4 a[136:139], a[104:111], v[8:15], a[136:139], v215, v207 op_sel:[0,1,0] op_sel_hi:[0,1,0]",0,0,0,0,""
9,12768,"ds_read_b128 a[104:107], v225 offset:21120",0,0,0,0,""
9,12776,"ds_read_b128 a[108:111], v225 offset:22176",0,0,0,0,""
9,12784,"v_mfma_scale_f32_16x16x128_f8f6f4 v[180:183], a[112:119], a[48:55], v[180:183], v215, v207 op_sel_hi:[0,1,0]",0,0,0,0,""
9,12800,"v_mfma_scale_f32_16x16x128_f8f6f4 a[140:143], a[112:119], v[8:15], a[140:143], v215, v207 op_sel:[0,1,0] op_sel_hi:[0,1,0]",0,0,0,0,""
9,12816,"ds_read_b128 a[112:115], v225 offset:25344",0,0,0,0,""
9,12824,"ds_read_b128 a[116:119], v225 offset:26400",0,0,0,0,""
9,12832,"v_mfma_scale_f32_16x16x128_f8f6f4 a[128:131], v[0:7], a[48:55], a[128:131], v215, v207 op_sel_hi:[0,1,0]",0,0,0,0,""
9,12848,"ds_read_b128 a[48:51], v218 offset:25344",0,0,0,0,""
9,12856,"ds_read_b128 a[52:55], v218 offset:25408",0,0,0,0,""
9,12864,"v_mfma_scale_f32_16x16x128_f8f6f4 a[144:147], v[0:7], v[8:15], a[144:147], v215, v207 op_sel:[0,1,0] op_sel_hi:[0,1,0]",0,0,0,0,""
9,12880,"s_addk_i32 s67, 0x200",0,0,0,0,""
9,12884,"s_add_i32 s49, s49, 2",0,0,0,0,""
9,12888,"s_cmp_lg_u32 s68, s50",0,0,0,0,""
9,12892,"s_mov_b32 s40, s68",0,0,0,0,""
9,12896,"s_cbranch_scc0 1316",0,0,0,0,""
9,12900,"s_waitcnt lgkmcnt(14)",0,0,0,0,""
9,12904,"v_mfma_scale_f32_16x16x128_f8f6f4 v[96:99], a[64:71], a[0:7], v[96:99], v212, v208 op_sel_hi:[0,0,0]",0,0,0,0,""
9,12920,"v_mfma_scale_f32_16x16x128_f8f6f4 v[88:91], a[72:79], a[0:7], v[88:91], v212, v208 op_sel_hi:[0,0,0]",0,0,0,0,""
9,12936,"v_mfma_scale_f32_16x16x128_f8f6f4 v[80:83], a[80:87], a[0:7], v[80:83], v212, v208 op_sel_hi:[0,0,0]",0,0,0,0,""
9,12952,"s_and_b32 s28, s49, 63",0,0,0,0,""
9,12956,"s_lshl_b32 s28, s28, 3",0,0,0,0,""
9,12960,"s_and_b32 s29, s67, 0x3f00",0,0,0,0,""
9,12968,"v_mfma_scale_f32_16x16x128_f8f6f4 v[68:71], a[88:95], a[0:7], v[68:71], v212, v208 op_sel_hi:[0,0,0]",0,0,0,0,""
9,12984,"s_add_i32 s68, s40, 2",0,0,0,0,""
9,12988,"s_mul_i32 s69, s68, s56",0,0,0,0,""
9,12992,"s_mov_b32 s30, s69",0,0,0,0,""
9,12996,"v_add_u32_e32 v0, s29, v226",0,0,0,0,""
9,13000,"ds_read_b64 v[206:207], v0",0,0,0,0,""
9,13008,"v_mfma_scale_f32_16x16x128_f8f6f4 v[60:63], a[64:71], a[8:15], v[60:63], v212, v208 op_sel:[0,1,0] op_sel_hi:[0,0,0]",0,0,0,0,""
9,13024,"s_waitcnt vmcnt(0) lgkmcnt(0)",0,0,0,0,""
9,13028,"s_mov_b32 m0, s48",0,0,0,0,""
9,13032,"v_mfma_scale_f32_16x16x128_f8f6f4 v[52:55], a[72:79], a[8:15], v[52:55], v212, v208 op_sel:[0,1,0] op_sel_hi:[0,0,0]",0,0,0,0,""
9,13048,"v_mfma_scale_f32_16x16x128_f8f6f4 v[48:51], a[80:87], a[8:15], v[48:51], v212, v208 op_sel:[0,1,0] op_sel_hi:[0,0,0]",0,0,0,0,""
9,13064,"v_mfma_scale_f32_16x16x128_f8f6f4 v[40:43], a[88:95], a[8:15], v[40:43], v212, v208 op_sel:[0,1,0] op_sel_hi:[0,0,0]",0,0,0,0,""
9,13080,"s_barrier",0,0,0,0,""
9,13084,"v_add_u32_e32 v0, s30, v224",0,0,0,0,""
9,13088,"s_nop 0",0,0,0,0,""
9,13092,"buffer_load_dwordx4 v0, s[8:11], 0 offen lds",0,0,0,0,""
9,13100,"v_mfma_scale_f32_16x16x128_f8f6f4 v[44:47], a[64:71], a[16:23], v[44:47], v212, v208 op_sel_hi:[0,1,0]",0,0,0,0,""
9,13116,"v_add_u32_e32 v0, s30, v223",0,0,0,0,""
9,13120,"s_nop 0",0,0,0,0,""
9,13124,"buffer_load_dwordx4 v0, s[8:11], 0 offen offset:1056 lds",0,0,0,0,""
9,13132,"v_mfma_scale_f32_16x16x128_f8f6f4 v[36:39], a[72:79], a[16:23], v[36:39], v212, v208 op_sel_hi:[0,1,0]",0,0,0,0,""
9,13148,"v_mfma_scale_f32_16x16x128_f8f6f4 v[32:35], a[80:87], a[16:23], v[32:35], v212, v208 op_sel_hi:[0,1,0]",0,0,0,0,""
9,13164,"v_add_u32_e32 v0, s30, v222",0,0,0,0,""
9,13168,"s_nop 0",0,0,0,0,""
9,13172,"buffer_load_dwordx4 v0, s[8:11], 0 offen offset:2112 lds",0,0,0,0,""
9,13180,"v_mfma_scale_f32_16x16x128_f8f6f4 v[28:31], a[88:95], a[16:23], v[28:31], v212, v208 op_sel_hi:[0,1,0]",0,0,0,0,""
9,13196,"v_mfma_scale_f32_16x16x128_f8f6f4 v[24:27], a[64:71], a[24:31], v[24:27], v212, v208 op_sel:[0,1,0] op_sel_hi:[0,1,0]",0,0,0,0,""
9,13212,"v_add_u32_e32 v0, s30, v221",0,0,0,0,""
9,13216,"s_nop 0",0,0,0,0,""
9,13220,"buffer_load_dwordx4 v0, s[8:11], 0 offen offset:3168 lds",0,0,0,0,""
9,13228,"v_mfma_scale_f32_16x16x128_f8f6f4 v[20:23], a[72:79], a[24:31], v[20:23], v212, v208 op_sel:[0,1,0] op_sel_hi:[0,1,0]",0,0,0,0,""
9,13244,"v_mfma_scale_f32_16x16x128_f8f6f4 v[16:19], a[80:87], a[24:31], v[16:19], v212, v208 op_sel:[0,1,0] op_sel_hi:[0,1,0]",0,0,0,0,""
9,13260,"s_add_i32 s29, s30, s55",0,0,0,0,""
9,13264,"v_add_u32_e32 v0, s29, v224",0,0,0,0,""
9,13268,"s_mov_b32 m0, s60",0,0,0,0,""
9,13272,"s_nop 0",0,0,0,0,""
9,13276,"buffer_load_dwordx4 v0, s[8:11], 0 offen lds",0,0,0,0,""
9,13284,"v_mfma_scale_f32_16x16x128_f8f6f4 v[184:187], a[88:95], a[24:31], v[184:187], v212, v208 op_sel:[0,1,0] op_sel_hi:[0,1,0]",0,0,0,0,""
9,13300,"v_mfma_scale_f32_16x16x128_f8f6f4 v[136:139], a[64:71], a[32:39], v[136:139], v212, v209 op_sel_hi:[0,0,0]",0,0,0,0,""
9,13316,"v_add_u32_e32 v0, s29, v223",0,0,0,0,""
9,13320,"s_nop 0",0,0,0,0,""
9,13324,"buffer_load_dwordx4 v0, s[8:11], 0 offen offset:1056 lds",0,0,0,0,""
9,13332,"v_mfma_scale_f32_16x16x128_f8f6f4 v[132:135], a[72:79], a[32:39], v[132:135], v212, v209 op_sel_hi:[0,0,0]",0,0,0,0,""
9,13348,"v_mfma_scale_f32_16x16x128_f8f6f4 v[128:131], a[80:87], a[32:39], v[128:131], v212, v209 op_sel_hi:[0,0,0]",0,0,0,0,""
9,13364,"v_add_u32_e32 v0, s29, v222",0,0,0,0,""
9,13368,"s_nop 0",0,0,0,0,""
9,13372,"buffer_load_dwordx4 v0, s[8:11], 0 offen offset:2112 lds",0,0,0,0,""
9,13380,"v_mfma_scale_f32_16x16x128_f8f6f4 v[124:127], a[88:95], a[32:39], v[124:127], v212, v209 op_sel_hi:[0,0,0]",0,0,0,0,""
9,13396,"s_or_b32 s28, s28, 0x25000",0,0,0,0,""
9,13404,"v_mov_b32_e32 v0, s28",0,0,0,0,""
9,13408,"ds_read_b64 v[214:215], v0",0,0,0,0,""
9,13416,"v_mfma_scale_f32_16x16x128_f8f6f4 v[120:123], a[64:71], a[40:47], v[120:123], v212, v209 op_sel:[0,1,0] op_sel_hi:[0,0,0]",0,0,0,0,""
9,13432,"v_add_u32_e32 v0, s29, v221",0,0,0,0,""
9,13436,"s_nop 0",0,0,0,0,""
9,13440,"buffer_load_dwordx4 v0, s[8:11], 0 offen offset:3168 lds",0,0,0,0,""
9,13448,"v_mfma_scale_f32_16x16x128_f8f6f4 v[116:119], a[72:79], a[40:47], v[116:119], v212, v209 op_sel:[0,1,0] op_sel_hi:[0,0,0]",0,0,0,0,""
9,13464,"v_mfma_scale_f32_16x16x128_f8f6f4 v[112:115], a[80:87], a[40:47], v[112:115], v212, v209 op_sel:[0,1,0] op_sel_hi:[0,0,0]",0,0,0,0,""
9,13480,"s_add_i32 s28, s29, s55",0,0,0,0,""
9,13484,"v_add_u32_e32 v0, s28, v224",0,0,0,0,""
9,13488,"s_mov_b32 m0, s61",0,0,0,0,""
9,13492,"s_nop 0",0,0,0,0,""
9,13496,"buffer_load_dwordx4 v0, s[8:11], 0 offen lds",0,0,0,0,""
9,13504,"v_mfma_scale_f32_16x16x128_f8f6f4 v[108:111], a[88:95], a[40:47], v[108:111], v212, v209 op_sel:[0,1,0] op_sel_hi:[0,0,0]",0,0,0,0,""
9,13520,"v_mfma_scale_f32_16x16x128_f8f6f4 v[104:107], a[64:71], a[48:55], v[104:107], v212, v209 op_sel_hi:[0,1,0]",0,0,0,0,""
9,13536,"v_add_u32_e32 v0, s28, v223",0,0,0,0,""
9,13540,"s_nop 0",0,0,0,0,""
9,13544,"buffer_load_dwordx4 v0, s[8:11], 0 offen offset:1056 lds",0,0,0,0,""
9,13552,"v_mfma_scale_f32_16x16x128_f8f6f4 v[100:103], a[72:79], a[48:55], v[100:103], v212, v209 op_sel_hi:[0,1,0]",0,0,0,0,""
9,13568,"v_mfma_scale_f32_16x16x128_f8f6f4 v[92:95], a[80:87], a[48:55], v[92:95], v212, v209 op_sel_hi:[0,1,0]",0,0,0,0,""
9,13584,"v_add_u32_e32 v0, s28, v222",0,0,0,0,""
9,13588,"s_nop 0",0,0,0,0,""
9,13592,"buffer_load_dwordx4 v0, s[8:11], 0 offen offset:2112 lds",0,0,0,0,""
9,13600,"v_mfma_scale_f32_16x16x128_f8f6f4 v[84:87], a[88:95], a[48:55], v[84:87], v212, v209 op_sel_hi:[0,1,0]",0,0,0,0,""
9,13616,"v_mfma_scale_f32_16x16x128_f8f6f4 v[76:79], a[64:71], a[56:63], v[76:79], v212, v209 op_sel:[0,1,0] op_sel_hi:[0,1,0]",0,0,0,0,""
9,13632,"v_add_u32_e32 v0, s28, v221",0,0,0,0,""
9,13636,"s_nop 0",0,0,0,0,""
9,13640,"buffer_load_dwordx4 v0, s[8:11], 0 offen offset:3168 lds",0,0,0,0,""
9,13648,"v_mfma_scale_f32_16x16x128_f8f6f4 v[72:75], a[72:79], a[56:63], v[72:75], v212, v209 op_sel:[0,1,0] op_sel_hi:[0,1,0]",0,0,0,0,""
9,13664,"v_mfma_scale_f32_16x16x128_f8f6f4 v[64:67], a[80:87], a[56:63], v[64:67], v212, v209 op_sel:[0,1,0] op_sel_hi:[0,1,0]",0,0,0,0,""
9,13680,"v_mfma_scale_f32_16x16x128_f8f6f4 v[56:59], a[88:95], a[56:63], v[56:59], v212, v209 op_sel:[0,1,0] op_sel_hi:[0,1,0]",0,0,0,0,""
9,13696,"ds_read_b128 a[64:67], v225 offset:33792",0,0,0,0,""
9,13704,"ds_read_b128 a[68:71], v225 offset:34848",0,0,0,0,""
9,13712,"s_mov_b32 m0, s62",0,0,0,0,""
9,13716,"v_mfma_scale_f32_16x16x128_f8f6f4 a[148:151], a[96:103], a[0:7], a[148:151], v213, v208 op_sel_hi:[0,0,0]",0,0,0,0,""
9,13732,"s_add_i32 s28, s28, s55",0,0,0,0,""
9,13736,"v_add_u32_e32 v0, s28, v224",0,0,0,0,""
9,13740,"s_nop 0",0,0,0,0,""
9,13744,"buffer_load_dwordx4 v0, s[8:11], 0 offen lds",0,0,0,0,""
9,13752,"v_mfma_scale_f32_16x16x128_f8f6f4 a[152:155], a[104:111], a[0:7], a[152:155], v213, v208 op_sel_hi:[0,0,0]",0,0,0,0,""
9,13768,"ds_read_b128 a[72:75], v225 offset:38016",0,0,0,0,""
9,13776,"ds_read_b128 a[76:79], v225 offset:39072",0,0,0,0,""
9,13784,"v_mfma_scale_f32_16x16x128_f8f6f4 a[156:159], a[112:119], a[0:7], a[156:159], v213, v208 op_sel_hi:[0,0,0]",0,0,0,0,""
9,13800,"v_mfma_scale_f32_16x16x128_f8f6f4 a[160:163], a[120:127], a[0:7], a[160:163], v213, v208 op_sel_hi:[0,0,0]",0,0,0,0,""
9,13816,"ds_read_b128 a[0:3], v218 offset:33792",0,0,0,0,""
9,13824,"ds_read_b128 a[4:7], v218 offset:33856",0,0,0,0,""
9,13832,"ds_read_b128 a[80:83], v225 offset:42240",0,0,0,0,""
9,13840,"ds_read_b128 a[84:87], v225 offset:43296",0,0,0,0,""
9,13848,"v_mfma_scale_f32_16x16x128_f8f6f4 a[164:167], a[96:103], a[8:15], a[164:167], v213, v208 op_sel:[0,1,0] op_sel_hi:[0,0,0]",0,0,0,0,""
9,13864,"v_add_u32_e32 v0, s28, v223",0,0,0,0,""
9,13868,"s_nop 0",0,0,0,0,""
9,13872,"buffer_load_dwordx4 v0, s[8:11], 0 offen offset:1056 lds",0,0,0,0,""
9,13880,"v_mfma_scale_f32_16x16x128_f8f6f4 a[168:171], a[104:111], a[8:15], a[168:171], v213, v208 op_sel:[0,1,0] op_sel_hi:[0,0,0]",0,0,0,0,""
9,13896,"ds_read_b128 a[88:91], v225 offset:46464",0,0,0,0,""
9,13904,"ds_read_b128 a[92:95], v225 offset:47520",0,0,0,0,""
9,13912,"v_add_u32_e32 v0, s28, v222",0,0,0,0,""
9,13916,"s_nop 0",0,0,0,0,""
9,13920,"buffer_load_dwordx4 v0, s[8:11], 0 offen offset:2112 lds",0,0,0,0,""
9,13928,"v_mfma_scale_f32_16x16x128_f8f6f4 a[172:175], a[112:119], a[8:15], a[172:175], v213, v208 op_sel:[0,1,0] op_sel_hi:[0,0,0]",0,0,0,0,""
9,13944,"v_mfma_scale_f32_16x16x128_f8f6f4 a[176:179], a[120:127], a[8:15], a[176:179], v213, v208 op_sel:[0,1,0] op_sel_hi:[0,0,0]",0,0,0,0,""
9,13960,"ds_read_b128 a[8:11], v218 offset:38016",0,0,0,0,""
9,13968,"ds_read_b128 a[12:15], v218 offset:38080",0,0,0,0,""
9,13976,"v_add_u32_e32 v0, s28, v221",0,0,0,0,""
9,13980,"s_nop 0",0,0,0,0,""
9,13984,"buffer_load_dwordx4 v0, s[8:11], 0 offen offset:3168 lds",0,0,0,0,""
9,13992,"v_mfma_scale_f32_16x16x128_f8f6f4 a[180:183], a[96:103], a[16:23], a[180:183], v213, v208 op_sel_hi:[0,1,0]",0,0,0,0,""
9,14008,"v_mfma_scale_f32_16x16x128_f8f6f4 a[184:187], a[104:111], a[16:23], a[184:187], v213, v208 op_sel_hi:[0,1,0]",0,0,0,0,""
9,14024,"v_mfma_scale_f32_16x16x128_f8f6f4 a[188:191], a[112:119], a[16:23], a[188:191], v213, v208 op_sel_hi:[0,1,0]",0,0,0,0,""
9,14040,"v_mfma_scale_f32_16x16x128_f8f6f4 a[192:195], a[120:127], a[16:23], a[192:195], v213, v208 op_sel_hi:[0,1,0]",0,0,0,0,""
9,14056,"ds_read_b128 a[16:19], v218 offset:42240",0,0,0,0,""
9,14064,"ds_read_b128 a[20:23], v218 offset:42304",0,0,0,0,""
9,14072,"v_mfma_scale_f32_16x16x128_f8f6f4 a[196:199], a[96:103], a[24:31], a[196:199], v213, v208 op_sel:[0,1,0] op_sel_hi:[0,1,0]",0,0,0,0,""
9,14088,"v_mfma_scale_f32_16x16x128_f8f6f4 a[200:203], a[104:111], a[24:31], a[200:203], v213, v208 op_sel:[0,1,0] op_sel_hi:[0,1,0]",0,0,0,0,""
9,14104,"v_mfma_scale_f32_16x16x128_f8f6f4 a[204:207], a[112:119], a[24:31], a[204:207], v213, v208 op_sel:[0,1,0] op_sel_hi:[0,1,0]",0,0,0,0,""
9,14120,"v_mfma_scale_f32_16x16x128_f8f6f4 a[208:211], a[120:127], a[24:31], a[208:211], v213, v208 op_sel:[0,1,0] op_sel_hi:[0,1,0]",0,0,0,0,""
9,14136,"ds_read_b128 a[24:27], v218 offset:46464",0,0,0,0,""
9,14144,"ds_read_b128 a[28:31], v218 offset:46528",0,0,0,0,""
9,14152,"v_mfma_scale_f32_16x16x128_f8f6f4 v[140:143], a[96:103], a[32:39], v[140:143], v213, v209 op_sel_hi:[0,0,0]",0,0,0,0,""
9,14168,"v_mfma_scale_f32_16x16x128_f8f6f4 v[156:159], a[104:111], a[32:39], v[156:159], v213, v209 op_sel_hi:[0,0,0]",0,0,0,0,""
9,14184,"v_mfma_scale_f32_16x16x128_f8f6f4 v[148:151], a[112:119], a[32:39], v[148:151], v213, v209 op_sel_hi:[0,0,0]",0,0,0,0,""
9,14200,"v_mfma_scale_f32_16x16x128_f8f6f4 v[144:147], a[120:127], a[32:39], v[144:147], v213, v209 op_sel_hi:[0,0,0]",0,0,0,0,""
9,14216,"ds_read_b128 a[32:35], v218 offset:50688",0,0,0,0,""
9,14224,"ds_read_b128 a[36:39], v218 offset:50752",0,0,0,0,""
9,14232,"v_mfma_scale_f32_16x16x128_f8f6f4 v[168:171], a[96:103], a[40:47], v[168:171], v213, v209 op_sel:[0,1,0] op_sel_hi:[0,0,0]",0,0,0,0,""
9,14248,"ds_read_b128 v[0:3], v225 offset:63360",0,0,0,0,""
9,14256,"ds_read_b128 v[4:7], v225 offset:64416",0,0,0,0,""
9,14264,"v_mfma_scale_f32_16x16x128_f8f6f4 v[164:167], a[104:111], a[40:47], v[164:167], v213, v209 op_sel:[0,1,0] op_sel_hi:[0,0,0]",0,0,0,0,""
9,14280,"v_mfma_scale_f32_16x16x128_f8f6f4 v[160:163], a[112:119], a[40:47], v[160:163], v213, v209 op_sel:[0,1,0] op_sel_hi:[0,0,0]",0,0,0,0,""
9,14296,"v_mfma_scale_f32_16x16x128_f8f6f4 v[152:155], a[120:127], a[40:47], v[152:155], v213, v209 op_sel:[0,1,0] op_sel_hi:[0,0,0]",0,0,0,0,""
9,14312,"ds_read_b128 a[40:43], v218 offset:54912",0,0,0,0,""
9,14320,"ds_read_b128 a[44:47], v218 offset:54976",0,0,0,0,""
9,14328,"ds_read_b128 v[8:11], v218 offset:63360",0,0,0,0,""
9,14336,"ds_read_b128 v[12:15], v218 offset:63424",0,0,0,0,""
9,14344,"v_mfma_scale_f32_16x16x128_f8f6f4 v[172:175], a[96:103], a[48:55], v[172:175], v213, v209 op_sel_hi:[0,1,0]",0,0,0,0,""
9,14360,"v_mfma_scale_f32_16x16x128_f8f6f4 a[132:135], a[96:103], a[56:63], a[132:135], v213, v209 op_sel:[0,1,0] op_sel_hi:[0,1,0]",0,0,0,0,""
9,14376,"ds_read_b128 a[96:99], v225 offset:50688",0,0,0,0,""
9,14384,"ds_read_b128 a[100:103], v225 offset:51744",0,0,0,0,""
9,14392,"v_mfma_scale_f32_16x16x128_f8f6f4 v[176:179], a[104:111], a[48:55], v[176:179], v213, v209 op_sel_hi:[0,1,0]",0,0,0,0,""
9,14408,"v_mfma_scale_f32_16x16x128_f8f6f4 a[136:139], a[104:111], a[56:63], a[136:139], v213, v209 op_sel:[0,1,0] op_sel_hi:[0,1,0]",0,0,0,0,""
9,14424,"ds_read_b128 a[104:107], v225 offset:54912",0,0,0,0,""
9,14432,"ds_read_b128 a[108:111], v225 offset:55968",0,0,0,0,""
9,14440,"v_mfma_scale_f32_16x16x128_f8f6f4 v[180:183], a[112:119], a[48:55], v[180:183], v213, v209 op_sel_hi:[0,1,0]",0,0,0,0,""
9,14456,"v_mfma_scale_f32_16x16x128_f8f6f4 a[140:143], a[112:119], a[56:63], a[140:143], v213, v209 op_sel:[0,1,0] op_sel_hi:[0,1,0]",0,0,0,0,""
9,14472,"ds_read_b128 a[112:115], v225 offset:59136",0,0,0,0,""
9,14480,"ds_read_b128 a[116:119], v225 offset:60192",0,0,0,0,""
9,14488,"v_mfma_scale_f32_16x16x128_f8f6f4 a[128:131], a[120:127], a[48:55], a[128:131], v213, v209 op_sel_hi:[0,1,0]",0,0,0,0,""
9,14504,"ds_read_b128 a[48:51], v218 offset:59136",0,0,0,0,""
9,14512,"ds_read_b128 a[52:55], v218 offset:59200",0,0,0,0,""
9,14520,"v_mfma_scale_f32_16x16x128_f8f6f4 a[144:147], a[120:127], a[56:63], a[144:147], v213, v209 op_sel:[0,1,0] op_sel_hi:[0,1,0]",0,0,0,0,""
9,14536,"v_add_u32_e32 v227, 2, v227",0,0,0,0,""
9,14540,"s_and_b32 s28, s68, 62",0,0,0,0,""
9,14544,"s_cbranch_scc1 64709",0,0,0,0,""
9,14548,"s_waitcnt lgkmcnt(0)",0,0,0,0,""
9,14552,"s_barrier",0,0,0,0,""
9,14556,"s_cmp_lt_i32 s68, s59",0,0,0,0,""
9,14560,"s_cselect_b64 s[28:29], -1, 0",0,0,0,0,""
9,14564,"s_and_b64 s[44:45], s[28:29], s[26:27]",0,0,0,0,""
9,14568,"v_mov_b32_e32 v196, 0",0,0,0,0,""
9,14572,"v_mov_b32_e32 v197, 0",0,0,0,0,""
9,14576,"v_mov_b32_e32 v198, 0",0,0,0,0,""
9,14580,"v_mov_b32_e32 v188, 0",0,0,0,0,""
9,14584,"s_mul_i32 s70, s68, s12",0,0,0,0,""
9,14588,"v_mov_b32_e32 v199, v188",0,0,0,0,""
9,14592,"s_and_saveexec_b64 s[30:31], s[44:45]",0,0,0,0,""
9,14596,"s_cbranch_execz 3",0,0,0,0,""
9,14600,"v_add_u32_e32 v189, s70, v210",0,0,0,0,""
9,14604,"buffer_load_dwordx4 v[196:199], v189, s[16:19], 0 offen",0,0,0,0,""
9,14612,"s_or_b64 exec, exec, s[30:31]",0,0,0,0,""
9,14616,"s_or_b32 s46, s40, 1",0,0,0,0,""
9,14620,"s_cmp_lt_i32 s46, s51",0,0,0,0,""
9,14624,"s_cselect_b64 s[30:31], -1, 0",0,0,0,0,""
9,14628,"s_and_b64 s[44:45], s[30:31], s[26:27]",0,0,0,0,""
9,14632,"v_mov_b32_e32 v189, v188",0,0,0,0,""
9,14636,"v_mov_b32_e32 v190, v188",0,0,0,0,""
9,14640,"v_mov_b32_e32 v191, v188",0,0,0,0,""
9,14644,"s_and_saveexec_b64 s[40:41], s[44:45]",0,0,0,0,""
9,14648,"s_cbranch_execz 3",0,0,0,0,""
9,14652,"v_add_u32_e32 v188, s70, v216",0,0,0,0,""
9,14656,"buffer_load_dwordx4 v[188:191], v188, s[16:19], 0 offen",0,0,0,0,""
9,14664,"s_or_b64 exec, exec, s[40:41]",0,0,0,0,""
9,14668,"s_cmp_lt_i32 s46, s57",0,0,0,0,""
9,14672,"s_cselect_b64 s[40:41], -1, 0",0,0,0,0,""
9,14676,"s_and_b64 s[72:73], s[40:41], s[26:27]",0,0,0,0,""
9,14680,"v_mov_b32_e32 v200, 0",0,0,0,0,""
9,14684,"v_mov_b32_e32 v201, 0",0,0,0,0,""
9,14688,"v_mov_b32_e32 v202, 0",0,0,0,0,""
9,14692,"v_mov_b32_e32 v192, 0",0,0,0,0,""
9,14696,"v_mov_b32_e32 v203, v192",0,0,0,0,""
9,14700,"s_and_saveexec_b64 s[44:45], s[72:73]",0,0,0,0,""
9,14704,"s_cbranch_execz 3",0,0,0,0,""
9,14708,"v_add_u32_e32 v193, s70, v220",0,0,0,0,""
9,14712,"buffer_load_dwordx4 v[200:203], v193, s[16:19], 0 offen",0,0,0,0,""
9,14720,"s_or_b64 exec, exec, s[44:45]",0,0,0,0,""
9,14724,"s_cmp_lt_i32 s46, s58",0,0,0,0,""
9,14728,"s_cselect_b64 s[44:45], -1, 0",0,0,0,0,""
9,14732,"s_and_b64 s[72:73], s[44:45], s[26:27]",0,0,0,0,""
9,14736,"v_mov_b32_e32 v193, v192",0,0,0,0,""
9,14740,"v_mov_b32_e32 v194, v192",0,0,0,0,""
9,14744,"v_mov_b32_e32 v195, v192",0,0,0,0,""
9,14748,"s_and_saveexec_b64 s[46:47], s[72:73]",0,0,0,0,""
9,14752,"s_cbranch_execz 3",0,0,0,0,""
9,14756,"v_add_u32_e32 v192, s70, v228",0,0,0,0,""
9,14760,"buffer_load_dwordx4 v[192:195], v192, s[16:19], 0 offen",0,0,0,0,""
9,14768,"s_or_b64 exec, exec, s[46:47]",0,0,0,0,""
9,14772,"s_and_b64 s[46:47], s[14:15], exec",0,0,0,0,""
9,14776,"s_cselect_b32 s46, 1, 0",0,0,0,0,""
9,14780,"s_cmp_lg_u32 s46, 1",0,0,0,0,""
9,14784,"s_cbranch_scc1 3",0,0,0,0,""
9,14788,"buffer_load_ubyte v213, v227, s[20:23], 0 offen",0,0,0,0,""
9,14796,"s_branch 1",0,0,0,0,""
9,14800,"v_mov_b32_e32 v213, 0",0,0,0,0,""
9,14804,"s_waitcnt vmcnt(0)",0,0,0,0,""
9,14808,"v_mov_b32_e32 v204, v211",0,0,0,0,""
9,14812,"s_nop 0",0,0,0,0,""
9,14816,"v_lshlrev_b32_e32 v205, 3, v204",0,0,0,0,""
9,14820,"v_and_b32_e32 v205, 32, v205",0,0,0,0,""
9,14824,"v_lshlrev_b32_e32 v208, 1, v204",0,0,0,0,""
9,14828,"v_and_b32_e32 v208, 6, v208",0,0,0,0,""
9,14832,"v_bfe_u32 v209, v204, 3, 1",0,0,0,0,""
9,14840,"v_or3_b32 v205, v205, v208, v209",0,0,0,0,""
9,14848,"v_ashrrev_i32_e32 v208, 31, v204",0,0,0,0,""
9,14852,"v_lshrrev_b32_e32 v209, 28, v208",0,0,0,0,""
9,14856,"v_add_lshl_u32 v209, v204, v209, 4",0,0,0,0,""
9,14864,"v_and_b32_e32 v209, 0xffffff00, v209",0,0,0,0,""
9,14872,"v_add_u32_e32 v209, s3, v209",0,0,0,0,""
9,14876,"v_lshl_or_b32 v205, v205, 2, v209",0,0,0,0,""
9,14884,"v_lshrrev_b32_e32 v208, 30, v208",0,0,0,0,""
9,14888,"v_add_u32_e32 v208, v204, v208",0,0,0,0,""
9,14892,"v_and_b32_e32 v208, -4, v208",0,0,0,0,""
9,14896,"v_sub_u32_e32 v204, v204, v208",0,0,0,0,""
9,14900,"v_and_b32_e32 v208, 1, v204",0,0,0,0,""
9,14904,"v_cmp_eq_u32_e32 vcc, 0, v208",0,0,0,0,""
9,14908,"v_mov_b32_e32 v208, 0x3070105",0,0,0,0,""
9,14916,"v_mov_b32_e32 v209, 0x6020400",0,0,0,0,""
9,14924,"v_cndmask_b32_e32 v208, v208, v209, vcc",0,0,0,0,""
9,14928,"v_add_u32_e32 v204, 1, v204",0,0,0,0,""
9,14932,"v_cmp_gt_u32_e32 vcc, 3, v204",0,0,0,0,""
9,14936,"v_mov_b32_e32 v204, 0x3020706",0,0,0,0,""
9,14944,"v_mov_b32_e32 v209, 0x5040100",0,0,0,0,""
9,14952,"v_cndmask_b32_e32 v209, v204, v209, vcc",0,0,0,0,""
9,14956,"s_and_b64 s[28:29], s[28:29], exec",0,0,0,0,""
9,14960,"s_cselect_b32 s28, 1, 0",0,0,0,0,""
9,14964,"s_cmp_lg_u32 s28, 1",0,0,0,0,""
9,14968,"v_add_u32_e32 v212, 0x21000, v205",0,0,0,0,""
9,14976,"s_cbranch_scc0 17",0,0,0,0,""
9,14980,"s_and_b64 s[28:29], s[30:31], exec",0,0,0,0,""
9,14984,"s_cselect_b32 s28, 1, 0",0,0,0,0,""
9,14988,"s_cmp_lg_u32 s28, 1",0,0,0,0,""
9,14992,"s_cbranch_scc0 59",0,0,0,0,""
9,14996,"s_and_b64 s[28:29], s[40:41], exec",0,0,0,0,""
9,15000,"s_cselect_b32 s28, 1, 0",0,0,0,0,""
9,15004,"s_cmp_lg_u32 s28, 1",0,0,0,0,""
9,15008,"s_cbranch_scc0 103",0,0,0,0,""
9,15012,"s_and_b64 s[28:29], s[44:45], exec",0,0,0,0,""
9,15016,"s_cselect_b32 s28, 1, 0",0,0,0,0,""
9,15020,"s_cmp_lg_u32 s28, 1",0,0,0,0,""
9,15024,"s_cbranch_scc0 147",0,0,0,0,""
9,15028,"s_and_b64 s[28:29], s[14:15], exec",0,0,0,0,""
9,15032,"s_cselect_b32 s28, 1, 0",0,0,0,0,""
9,15036,"s_cmp_lg_u32 s28, 1",0,0,0,0,""
9,15040,"s_cbranch_scc1 64583",0,0,0,0,""
9,15044,"s_branch 190",0,0,0,0,""
9,15048,"v_mov_b32_dpp v204, v196 quad_perm:[1,0,3,2] row_mask:0xf bank_mask:0xf bound_ctrl:1",0,0,0,0,""
9,15056,"v_perm_b32 v196, v204, v196, v208",0,0,0,0,""
9,15064,"s_nop 1",0,0,0,0,""
9,15068,"v_mov_b32_dpp v204, v196 quad_perm:[2,3,0,1] row_mask:0xf bank_mask:0xf bound_ctrl:1",0,0,0,0,""
9,15076,"v_perm_b32 v196, v204, v196, v209",0,0,0,0,""
9,15084,"s_nop 0",0,0,0,0,""
9,15088,"v_mov_b32_dpp v204, v197 quad_perm:[1,0,3,2] row_mask:0xf bank_mask:0xf bound_ctrl:1",0,0,0,0,""
9,15096,"v_perm_b32 v197, v204, v197, v208",0,0,0,0,""
9,15104,"s_nop 1",0,0,0,0,""
9,15108,"v_mov_b32_dpp v204, v197 quad_perm:[2,3,0,1] row_mask:0xf bank_mask:0xf bound_ctrl:1",0,0,0,0,""
9,15116,"v_perm_b32 v197, v204, v197, v209",0,0,0,0,""
9,15124,"ds_write2_b32 v212, v196, v197 offset1:8",0,0,0,0,""
9,15132,"v_mov_b32_dpp v196, v198 quad_perm:[1,0,3,2] row_mask:0xf bank_mask:0xf bound_ctrl:1",0,0,0,0,""
9,15140,"v_perm_b32 v196, v196, v198, v208",0,0,0,0,""
9,15148,"s_nop 1",0,0,0,0,""
9,15152,"v_mov_b32_dpp v197, v196 quad_perm:[2,3,0,1] row_mask:0xf bank_mask:0xf bound_ctrl:1",0,0,0,0,""
9,15160,"v_perm_b32 v196, v197, v196, v209",0,0,0,0,""
9,15168,"s_nop 0",0,0,0,0,""
9,15172,"v_mov_b32_dpp v197, v199 quad_perm:[1,0,3,2] row_mask:0xf bank_mask:0xf bound_ctrl:1",0,0,0,0,""
9,15180,"v_perm_b32 v197, v197, v199, v208",0,0,0,0,""
9,15188,"s_nop 1",0,0,0,0,""
9,15192,"v_mov_b32_dpp v198, v197 quad_perm:[2,3,0,1] row_mask:0xf bank_mask:0xf bound_ctrl:1",0,0,0,0,""
9,15200,"v_perm_b32 v197, v198, v197, v209",0,0,0,0,""
9,15208,"ds_write2_b32 v212, v196, v197 offset0:16 offset1:24",0,0,0,0,""
9,15216,"s_and_b64 s[28:29], s[30:31], exec",0,0,0,0,""
9,15220,"s_cselect_b32 s28, 1, 0",0,0,0,0,""
9,15224,"s_cmp_lg_u32 s28, 1",0,0,0,0,""
9,15228,"s_cbranch_scc1 65477",0,0,0,0,""
9,15232,"v_mov_b32_dpp v196, v188 quad_perm:[1,0,3,2] row_mask:0xf bank_mask:0xf bound_ctrl:1",0,0,0,0,""
9,15240,"v_perm_b32 v188, v196, v188, v208",0,0,0,0,""
9,15248,"s_nop 1",0,0,0,0,""
9,15252,"v_mov_b32_dpp v196, v188 quad_perm:[2,3,0,1] row_mask:0xf bank_mask:0xf bound_ctrl:1",0,0,0,0,""
9,15260,"v_perm_b32 v188, v196, v188, v209",0,0,0,0,""
9,15268,"s_nop 0",0,0,0,0,""
9,15272,"v_mov_b32_dpp v196, v189 quad_perm:[1,0,3,2] row_mask:0xf bank_mask:0xf bound_ctrl:1",0,0,0,0,""
9,15280,"v_perm_b32 v189, v196, v189, v208",0,0,0,0,""
9,15288,"s_nop 1",0,0,0,0,""
9,15292,"v_mov_b32_dpp v196, v189 quad_perm:[2,3,0,1] row_mask:0xf bank_mask:0xf bound_ctrl:1",0,0,0,0,""
9,15300,"v_perm_b32 v189, v196, v189, v209",0,0,0,0,""
9,15308,"v_add_u32_e32 v196, 0x1000, v212",0,0,0,0,""
9,15316,"ds_write2_b32 v196, v188, v189 offset1:8",0,0,0,0,""
9,15324,"v_mov_b32_dpp v188, v190 quad_perm:[1,0,3,2] row_mask:0xf bank_mask:0xf bound_ctrl:1",0,0,0,0,""
9,15332,"v_perm_b32 v188, v188, v190, v208",0,0,0,0,""
9,15340,"s_nop 1",0,0,0,0,""
9,15344,"v_mov_b32_dpp v189, v188 quad_perm:[2,3,0,1] row_mask:0xf bank_mask:0xf bound_ctrl:1",0,0,0,0,""
9,15352,"v_perm_b32 v188, v189, v188, v209",0,0,0,0,""
9,15360,"s_nop 0",0,0,0,0,""
9,15364,"v_mov_b32_dpp v189, v191 quad_perm:[1,0,3,2] row_mask:0xf bank_mask:0xf bound_ctrl:1",0,0,0,0,""
9,15372,"v_perm_b32 v189, v189, v191, v208",0,0,0,0,""
9,15380,"s_nop 1",0,0,0,0,""
9,15384,"v_mov_b32_dpp v190, v189 quad_perm:[2,3,0,1] row_mask:0xf bank_mask:0xf bound_ctrl:1",0,0,0,0,""
9,15392,"v_perm_b32 v189, v190, v189, v209",0,0,0,0,""
9,15400,"ds_write2_b32 v196, v188, v189 offset0:16 offset1:24",0,0,0,0,""
9,15408,"s_and_b64 s[28:29], s[40:41], exec",0,0,0,0,""
9,15412,"s_cselect_b32 s28, 1, 0",0,0,0,0,""
9,15416,"s_cmp_lg_u32 s28, 1",0,0,0,0,""
9,15420,"s_cbranch_scc1 65433",0,0,0,0,""
9,15424,"v_mov_b32_dpp v188, v200 quad_perm:[1,0,3,2] row_mask:0xf bank_mask:0xf bound_ctrl:1",0,0,0,0,""
9,15432,"v_perm_b32 v188, v188, v200, v208",0,0,0,0,""
9,15440,"s_nop 1",0,0,0,0,""
9,15444,"v_mov_b32_dpp v189, v188 quad_perm:[2,3,0,1] row_mask:0xf bank_mask:0xf bound_ctrl:1",0,0,0,0,""
9,15452,"v_perm_b32 v188, v189, v188, v209",0,0,0,0,""
9,15460,"s_nop 0",0,0,0,0,""
9,15464,"v_mov_b32_dpp v189, v201 quad_perm:[1,0,3,2] row_mask:0xf bank_mask:0xf bound_ctrl:1",0,0,0,0,""
9,15472,"v_perm_b32 v189, v189, v201, v208",0,0,0,0,""
9,15480,"s_nop 1",0,0,0,0,""
9,15484,"v_mov_b32_dpp v190, v189 quad_perm:[2,3,0,1] row_mask:0xf bank_mask:0xf bound_ctrl:1",0,0,0,0,""
9,15492,"v_perm_b32 v189, v190, v189, v209",0,0,0,0,""
9,15500,"v_add_u32_e32 v190, 0x2000, v212",0,0,0,0,""
9,15508,"ds_write2_b32 v190, v188, v189 offset1:8",0,0,0,0,""
9,15516,"v_mov_b32_dpp v188, v202 quad_perm:[1,0,3,2] row_mask:0xf bank_mask:0xf bound_ctrl:1",0,0,0,0,""
9,15524,"v_perm_b32 v188, v188, v202, v208",0,0,0,0,""
9,15532,"s_nop 1",0,0,0,0,""
9,15536,"v_mov_b32_dpp v189, v188 quad_perm:[2,3,0,1] row_mask:0xf bank_mask:0xf bound_ctrl:1",0,0,0,0,""
9,15544,"v_perm_b32 v188, v189, v188, v209",0,0,0,0,""
9,15552,"s_nop 0",0,0,0,0,""
9,15556,"v_mov_b32_dpp v189, v203 quad_perm:[1,0,3,2] row_mask:0xf bank_mask:0xf bound_ctrl:1",0,0,0,0,""
9,15564,"v_perm_b32 v189, v189, v203, v208",0,0,0,0,""
9,15572,"s_nop 1",0,0,0,0,""
9,15576,"v_mov_b32_dpp v191, v189 quad_perm:[2,3,0,1] row_mask:0xf bank_mask:0xf bound_ctrl:1",0,0,0,0,""
9,15584,"v_perm_b32 v189, v191, v189, v209",0,0,0,0,""
9,15592,"ds_write2_b32 v190, v188, v189 offset0:16 offset1:24",0,0,0,0,""
9,15600,"s_and_b64 s[28:29], s[44:45], exec",0,0,0,0,""
9,15604,"s_cselect_b32 s28, 1, 0",0,0,0,0,""
9,15608,"s_cmp_lg_u32 s28, 1",0,0,0,0,""
9,15612,"s_cbranch_scc1 65389",0,0,0,0,""
9,15616,"v_mov_b32_dpp v188, v192 quad_perm:[1,0,3,2] row_mask:0xf bank_mask:0xf bound_ctrl:1",0,0,0,0,""
9,15624,"v_perm_b32 v188, v188, v192, v208",0,0,0,0,""
9,15632,"s_nop 1",0,0,0,0,""
9,15636,"v_mov_b32_dpp v189, v188 quad_perm:[2,3,0,1] row_mask:0xf bank_mask:0xf bound_ctrl:1",0,0,0,0,""
9,15644,"v_perm_b32 v188, v189, v188, v209",0,0,0,0,""
9,15652,"s_nop 0",0,0,0,0,""
9,15656,"v_mov_b32_dpp v189, v193 quad_perm:[1,0,3,2] row_mask:0xf bank_mask:0xf bound_ctrl:1",0,0,0,0,""
9,15664,"v_perm_b32 v189, v189, v193, v208",0,0,0,0,""
9,15672,"s_nop 1",0,0,0,0,""
9,15676,"v_mov_b32_dpp v190, v189 quad_perm:[2,3,0,1] row_mask:0xf bank_mask:0xf bound_ctrl:1",0,0,0,0,""
9,15684,"v_perm_b32 v189, v190, v189, v209",0,0,0,0,""
9,15692,"v_add_u32_e32 v190, 0x3000, v212",0,0,0,0,""
9,15700,"ds_write2_b32 v190, v188, v189 offset1:8",0,0,0,0,""
9,15708,"v_mov_b32_dpp v188, v194 quad_perm:[1,0,3,2] row_mask:0xf bank_mask:0xf bound_ctrl:1",0,0,0,0,""
9,15716,"v_perm_b32 v188, v188, v194, v208",0,0,0,0,""
9,15724,"s_nop 1",0,0,0,0,""
9,15728,"v_mov_b32_dpp v189, v188 quad_perm:[2,3,0,1] row_mask:0xf bank_mask:0xf bound_ctrl:1",0,0,0,0,""
9,15736,"v_perm_b32 v188, v189, v188, v209",0,0,0,0,""
9,15744,"s_nop 0",0,0,0,0,""
9,15748,"v_mov_b32_dpp v189, v195 quad_perm:[1,0,3,2] row_mask:0xf bank_mask:0xf bound_ctrl:1",0,0,0,0,""
9,15756,"v_perm_b32 v189, v189, v195, v208",0,0,0,0,""
9,15764,"s_nop 1",0,0,0,0,""
9,15768,"v_mov_b32_dpp v191, v189 quad_perm:[2,3,0,1] row_mask:0xf bank_mask:0xf bound_ctrl:1",0,0,0,0,""
9,15776,"v_perm_b32 v189, v191, v189, v209",0,0,0,0,""
9,15784,"ds_write2_b32 v190, v188, v189 offset0:16 offset1:24",0,0,0,0,""
9,15792,"s_and_b64 s[28:29], s[14:15], exec",0,0,0,0,""
9,15796,"s_cselect_b32 s28, 1, 0",0,0,0,0,""
9,15800,"s_cmp_lg_u32 s28, 1",0,0,0,0,""
9,15804,"s_cbranch_scc1 64392",0,0,0,0,""
9,15808,"v_add_u32_e32 v188, 0x25000, v219",0,0,0,0,""
9,15816,"ds_write_b32 v188, v213",0,0,0,0,""
9,15824,"s_branch 64387",0,0,0,0,""
9,15828,"s_waitcnt vmcnt(8)",1,20,20,0,""
9,15832,"v_mov_b32_dpp v23, v6 quad_perm:[1,0,3,2] row_mask:0xf bank_mask:0xf bound_ctrl:1",1,4,0,0,""
9,15840,"v_perm_b32 v6, v23, v6, v19",1,4,0,8,""
9,15848,"s_nop 1",1,8,8,0,""
9,15852,"v_mov_b32_dpp v23, v6 quad_perm:[2,3,0,1] row_mask:0xf bank_mask:0xf bound_ctrl:1",1,4,0,0,""
9,15860,"v_perm_b32 v6, v23, v6, v21",1,4,0,0,""
9,15868,"v_add_u32_e32 v23, 0x21000, v20",1,4,0,0,""
9,15876,"v_mov_b32_dpp v24, v7 quad_perm:[1,0,3,2] row_mask:0xf bank_mask:0xf bound_ctrl:1",1,4,0,0,""
9,15884,"v_perm_b32 v7, v24, v7, v19",1,4,0,0,""
9,15892,"s_nop 1",1,8,8,0,""
9,15896,"v_mov_b32_dpp v24, v7 quad_perm:[2,3,0,1] row_mask:0xf bank_mask:0xf bound_ctrl:1",1,4,0,0,""
9,15904,"v_perm_b32 v7, v24, v7, v21",1,4,0,0,""
9,15912,"ds_write2_b32 v23, v6, v7 offset1:8",1,12,0,8,""
9,15920,"v_mov_b32_dpp v6, v8 quad_perm:[1,0,3,2] row_mask:0xf bank_mask:0xf bound_ctrl:1",1,4,0,0,""
9,15928,"v_perm_b32 v6, v6, v8, v19",1,4,0,0,""
9,15936,"s_nop 1",1,8,8,0,""
9,15940,"v_mov_b32_dpp v7, v6 quad_perm:[2,3,0,1] row_mask:0xf bank_mask:0xf bound_ctrl:1",1,4,0,0,""
9,15948,"v_perm_b32 v6, v7, v6, v21",1,4,0,0,""
9,15956,"s_nop 0",1,4,4,0,""
9,15960,"v_mov_b32_dpp v7, v9 quad_perm:[1,0,3,2] row_mask:0xf bank_mask:0xf bound_ctrl:1",1,4,0,0,""
9,15968,"v_perm_b32 v7, v7, v9, v19",1,4,0,0,""
9,15976,"s_nop 1",1,8,8,0,""
9,15980,"v_mov_b32_dpp v8, v7 quad_perm:[2,3,0,1] row_mask:0xf bank_mask:0xf bound_ctrl:1",1,4,0,0,""
9,15988,"v_perm_b32 v7, v8, v7, v21",1,4,0,0,""
9,15996,"ds_write2_b32 v23, v6, v7 offset0:16 offset1:24",1,12,0,8,""
9,16004,"s_and_b64 s[10:11], s[46:47], exec",1,4,0,0,""
9,16008,"s_cselect_b32 s10, 1, 0",1,4,0,0,""
9,16012,"s_cmp_lg_u32 s10, 1",1,4,0,0,""
9,16016,"s_cbranch_scc1 63586",1,4,0,4,""
9,16020,"s_waitcnt vmcnt(8)",0,0,0,0,""
9,16024,"v_mov_b32_dpp v6, v10 quad_perm:[1,0,3,2] row_mask:0xf bank_mask:0xf bound_ctrl:1",0,0,0,0,""
9,16032,"v_perm_b32 v6, v6, v10, v19",0,0,0,0,""
9,16040,"s_nop 1",0,0,0,0,""
9,16044,"v_mov_b32_dpp v7, v6 quad_perm:[2,3,0,1] row_mask:0xf bank_mask:0xf bound_ctrl:1",0,0,0,0,""
9,16052,"v_perm_b32 v6, v7, v6, v21",0,0,0,0,""
9,16060,"v_add_u32_e32 v7, 0x21000, v20",0,0,0,0,""
9,16068,"v_mov_b32_dpp v8, v11 quad_perm:[1,0,3,2] row_mask:0xf bank_mask:0xf bound_ctrl:1",0,0,0,0,""
9,16076,"v_perm_b32 v8, v8, v11, v19",0,0,0,0,""
9,16084,"s_nop 1",0,0,0,0,""
9,16088,"v_mov_b32_dpp v9, v8 quad_perm:[2,3,0,1] row_mask:0xf bank_mask:0xf bound_ctrl:1",0,0,0,0,""
9,16096,"v_perm_b32 v8, v9, v8, v21",0,0,0,0,""
9,16104,"v_add_u32_e32 v7, 0x1000, v7",0,0,0,0,""
9,16112,"ds_write2_b32 v7, v6, v8 offset1:8",0,0,0,0,""
9,16120,"v_mov_b32_dpp v6, v12 quad_perm:[1,0,3,2] row_mask:0xf bank_mask:0xf bound_ctrl:1",0,0,0,0,""
9,16128,"v_perm_b32 v6, v6, v12, v19",0,0,0,0,""
9,16136,"s_nop 1",0,0,0,0,""
9,16140,"v_mov_b32_dpp v8, v6 quad_perm:[2,3,0,1] row_mask:0xf bank_mask:0xf bound_ctrl:1",0,0,0,0,""
9,16148,"v_perm_b32 v6, v8, v6, v21",0,0,0,0,""
9,16156,"s_nop 0",0,0,0,0,""
9,16160,"v_mov_b32_dpp v8, v13 quad_perm:[1,0,3,2] row_mask:0xf bank_mask:0xf bound_ctrl:1",0,0,0,0,""
9,16168,"v_perm_b32 v8, v8, v13, v19",0,0,0,0,""
9,16176,"s_nop 1",0,0,0,0,""
9,16180,"v_mov_b32_dpp v9, v8 quad_perm:[2,3,0,1] row_mask:0xf bank_mask:0xf bound_ctrl:1",0,0,0,0,""
9,16188,"v_perm_b32 v8, v9, v8, v21",0,0,0,0,""
9,16196,"ds_write2_b32 v7, v6, v8 offset0:16 offset1:24",0,0,0,0,""
9,16204,"s_and_b64 s[10:11], s[48:49], exec",0,0,0,0,""
9,16208,"s_cselect_b32 s10, 1, 0",0,0,0,0,""
9,16212,"s_cmp_lg_u32 s10, 1",0,0,0,0,""
9,16216,"s_cbranch_scc1 63540",0,0,0,0,""
9,16220,"s_waitcnt vmcnt(8)",0,0,0,0,""
9,16224,"v_mov_b32_dpp v6, v2 quad_perm:[1,0,3,2] row_mask:0xf bank_mask:0xf bound_ctrl:1",0,0,0,0,""
9,16232,"v_perm_b32 v2, v6, v2, v19",0,0,0,0,""
9,16240,"s_nop 1",0,0,0,0,""
9,16244,"v_mov_b32_dpp v6, v2 quad_perm:[2,3,0,1] row_mask:0xf bank_mask:0xf bound_ctrl:1",0,0,0,0,""
9,16252,"v_perm_b32 v2, v6, v2, v21",0,0,0,0,""
9,16260,"v_add_u32_e32 v6, 0x21000, v20",0,0,0,0,""
9,16268,"v_mov_b32_dpp v7, v3 quad_perm:[1,0,3,2] row_mask:0xf bank_mask:0xf bound_ctrl:1",0,0,0,0,""
9,16276,"v_perm_b32 v3, v7, v3, v19",0,0,0,0,""
9,16284,"s_nop 1",0,0,0,0,""
9,16288,"v_mov_b32_dpp v7, v3 quad_perm:[2,3,0,1] row_mask:0xf bank_mask:0xf bound_ctrl:1",0,0,0,0,""
9,16296,"v_perm_b32 v3, v7, v3, v21",0,0,0,0,""
9,16304,"v_add_u32_e32 v6, 0x2000, v6",0,0,0,0,""
9,16312,"ds_write2_b32 v6, v2, v3 offset1:8",0,0,0,0,""
9,16320,"v_mov_b32_dpp v2, v4 quad_perm:[1,0,3,2] row_mask:0xf bank_mask:0xf bound_ctrl:1",0,0,0,0,""
9,16328,"v_perm_b32 v2, v2, v4, v19",0,0,0,0,""
9,16336,"s_nop 1",0,0,0,0,""
9,16340,"v_mov_b32_dpp v3, v2 quad_perm:[2,3,0,1] row_mask:0xf bank_mask:0xf bound_ctrl:1",0,0,0,0,""
9,16348,"v_perm_b32 v2, v3, v2, v21",0,0,0,0,""
9,16356,"s_nop 0",0,0,0,0,""
9,16360,"v_mov_b32_dpp v3, v5 quad_perm:[1,0,3,2] row_mask:0xf bank_mask:0xf bound_ctrl:1",0,0,0,0,""
9,16368,"v_perm_b32 v3, v3, v5, v19",0,0,0,0,""
9,16376,"s_nop 1",0,0,0,0,""
9,16380,"v_mov_b32_dpp v4, v3 quad_perm:[2,3,0,1] row_mask:0xf bank_mask:0xf bound_ctrl:1",0,0,0,0,""
9,16388,"v_perm_b32 v3, v4, v3, v21",0,0,0,0,""
9,16396,"ds_write2_b32 v6, v2, v3 offset0:16 offset1:24",0,0,0,0,""
9,16404,"s_and_b64 s[10:11], s[50:51], exec",0,0,0,0,""
9,16408,"s_cselect_b32 s10, 1, 0",0,0,0,0,""
9,16412,"s_cmp_lg_u32 s10, 1",0,0,0,0,""
9,16416,"s_cbranch_scc0 63494",0,0,0,0,""
9,16420,"s_branch 63539",0,0,0,0,""
9,16424,"v_mov_b32_e32 v9, v8",0,0,0,0,""
9,16428,"v_mov_b32_e32 v10, v8",0,0,0,0,""
9,16432,"v_mov_b32_e32 v11, v8",0,0,0,0,""
9,16436,"v_mov_b64_e32 v[14:15], v[10:11]",0,0,0,0,""
9,16440,"v_mov_b64_e32 v[12:13], v[8:9]",0,0,0,0,""
9,16444,"v_mov_b64_e32 v[18:19], v[10:11]",0,0,0,0,""
9,16448,"v_mov_b64_e32 v[16:17], v[8:9]",0,0,0,0,""
9,16452,"v_mov_b64_e32 v[22:23], v[10:11]",0,0,0,0,""
9,16456,"v_mov_b64_e32 v[20:21], v[8:9]",0,0,0,0,""
9,16460,"v_mov_b64_e32 v[26:27], v[10:11]",0,0,0,0,""
9,16464,"v_mov_b64_e32 v[24:25], v[8:9]",0,0,0,0,""
9,16468,"v_mov_b64_e32 v[30:31], v[10:11]",0,0,0,0,""
9,16472,"v_mov_b64_e32 v[28:29], v[8:9]",0,0,0,0,""
9,16476,"v_mov_b64_e32 v[34:35], v[10:11]",0,0,0,0,""
9,16480,"v_mov_b64_e32 v[32:33], v[8:9]",0,0,0,0,""
9,16484,"v_mov_b64_e32 v[38:39], v[10:11]",0,0,0,0,""
9,16488,"v_mov_b64_e32 v[36:37], v[8:9]",0,0,0,0,""
9,16492,"v_mov_b64_e32 v[46:47], v[10:11]",0,0,0,0,""
9,16496,"v_mov_b64_e32 v[44:45], v[8:9]",0,0,0,0,""
9,16500,"v_mov_b64_e32 v[42:43], v[10:11]",0,0,0,0,""
9,16504,"v_mov_b64_e32 v[40:41], v[8:9]",0,0,0,0,""
9,16508,"v_mov_b64_e32 v[50:51], v[10:11]",0,0,0,0,""
9,16512,"v_mov_b64_e32 v[48:49], v[8:9]",0,0,0,0,""
9,16516,"v_mov_b64_e32 v[54:55], v[10:11]",0,0,0,0,""
9,16520,"v_mov_b64_e32 v[52:53], v[8:9]",0,0,0,0,""
9,16524,"v_mov_b64_e32 v[62:63], v[10:11]",0,0,0,0,""
9,16528,"v_mov_b64_e32 v[60:61], v[8:9]",0,0,0,0,""
9,16532,"v_mov_b64_e32 v[70:71], v[10:11]",0,0,0,0,""
9,16536,"v_mov_b64_e32 v[68:69], v[8:9]",0,0,0,0,""
9,16540,"v_mov_b64_e32 v[82:83], v[10:11]",0,0,0,0,""
9,16544,"v_mov_b64_e32 v[80:81], v[8:9]",0,0,0,0,""
9,16548,"v_mov_b64_e32 v[90:91], v[10:11]",0,0,0,0,""
9,16552,"v_mov_b64_e32 v[88:89], v[8:9]",0,0,0,0,""
9,16556,"v_mov_b64_e32 v[98:99], v[10:11]",0,0,0,0,""
9,16560,"v_mov_b64_e32 v[96:97], v[8:9]",0,0,0,0,""
9,16564,"v_accvgpr_write_b32 a211, v11",0,0,0,0,""
9,16572,"v_accvgpr_write_b32 a210, v10",0,0,0,0,""
9,16580,"v_accvgpr_write_b32 a209, v9",0,0,0,0,""
9,16588,"v_accvgpr_write_b32 a208, v8",0,0,0,0,""
9,16596,"v_accvgpr_write_b32 a207, v11",0,0,0,0,""
9,16604,"v_accvgpr_write_b32 a206, v10",0,0,0,0,""
9,16612,"v_accvgpr_write_b32 a205, v9",0,0,0,0,""
9,16620,"v_accvgpr_write_b32 a204, v8",0,0,0,0,""
9,16628,"v_accvgpr_write_b32 a203, v11",0,0,0,0,""
9,16636,"v_accvgpr_write_b32 a202, v10",0,0,0,0,""
9,16644,"v_accvgpr_write_b32 a201, v9",0,0,0,0,""
9,16652,"v_accvgpr_write_b32 a200, v8",0,0,0,0,""
9,16660,"v_accvgpr_write_b32 a199, v11",0,0,0,0,""
9,16668,"v_accvgpr_write_b32 a198, v10",0,0,0,0,""
9,16676,"v_accvgpr_write_b32 a197, v9",0,0,0,0,""
9,16684,"v_accvgpr_write_b32 a196, v8",0,0,0,0,""
9,16692,"v_accvgpr_write_b32 a195, v11",0,0,0,0,""
9,16700,"v_accvgpr_write_b32 a194, v10",0,0,0,0,""
9,16708,"v_accvgpr_write_b32 a193, v9",0,0,0,0,""
9,16716,"v_accvgpr_write_b32 a192, v8",0,0,0,0,""
9,16724,"v_accvgpr_write_b32 a191, v11",0,0,0,0,""
9,16732,"v_accvgpr_write_b32 a190, v10",0,0,0,0,""
9,16740,"v_accvgpr_write_b32 a189, v9",0,0,0,0,""
9,16748,"v_accvgpr_write_b32 a188, v8",0,0,0,0,""
9,16756,"v_accvgpr_write_b32 a187, v11",0,0,0,0,""
9,16764,"v_accvgpr_write_b32 a186, v10",0,0,0,0,""
9,16772,"v_accvgpr_write_b32 a185, v9",0,0,0,0,""
9,16780,"v_accvgpr_write_b32 a184, v8",0,0,0,0,""
9,16788,"v_accvgpr_write_b32 a183, v11",0,0,0,0,""
9,16796,"v_accvgpr_write_b32 a182, v10",0,0,0,0,""
9,16804,"v_accvgpr_write_b32 a181, v9",0,0,0,0,""
9,16812,"v_accvgpr_write_b32 a180, v8",0,0,0,0,""
9,16820,"v_accvgpr_write_b32 a179, v11",0,0,0,0,""
9,16828,"v_accvgpr_write_b32 a178, v10",0,0,0,0,""
9,16836,"v_accvgpr_write_b32 a177, v9",0,0,0,0,""
9,16844,"v_accvgpr_write_b32 a176, v8",0,0,0,0,""
9,16852,"v_accvgpr_write_b32 a175, v11",0,0,0,0,""
9,16860,"v_accvgpr_write_b32 a174, v10",0,0,0,0,""
9,16868,"v_accvgpr_write_b32 a173, v9",0,0,0,0,""
9,16876,"v_accvgpr_write_b32 a172, v8",0,0,0,0,""
9,16884,"v_accvgpr_write_b32 a171, v11",0,0,0,0,""
9,16892,"v_accvgpr_write_b32 a170, v10",0,0,0,0,""
9,16900,"v_accvgpr_write_b32 a169, v9",0,0,0,0,""
9,16908,"v_accvgpr_write_b32 a168, v8",0,0,0,0,""
9,16916,"v_accvgpr_write_b32 a167, v11",0,0,0,0,""
9,16924,"v_accvgpr_write_b32 a166, v10",0,0,0,0,""
9,16932,"v_accvgpr_write_b32 a165, v9",0,0,0,0,""
9,16940,"v_accvgpr_write_b32 a164, v8",0,0,0,0,""
9,16948,"v_accvgpr_write_b32 a163, v11",0,0,0,0,""
9,16956,"v_accvgpr_write_b32 a162, v10",0,0,0,0,""
9,16964,"v_accvgpr_write_b32 a161, v9",0,0,0,0,""
9,16972,"v_accvgpr_write_b32 a160, v8",0,0,0,0,""
9,16980,"v_accvgpr_write_b32 a159, v11",0,0,0,0,""
9,16988,"v_accvgpr_write_b32 a158, v10",0,0,0,0,""
9,16996,"v_accvgpr_write_b32 a157, v9",0,0,0,0,""
9,17004,"v_accvgpr_write_b32 a156, v8",0,0,0,0,""
9,17012,"v_accvgpr_write_b32 a155, v11",0,0,0,0,""
9,17020,"v_accvgpr_write_b32 a154, v10",0,0,0,0,""
9,17028,"v_accvgpr_write_b32 a153, v9",0,0,0,0,""
9,17036,"v_accvgpr_write_b32 a152, v8",0,0,0,0,""
9,17044,"v_accvgpr_write_b32 a151, v11",0,0,0,0,""
9,17052,"v_accvgpr_write_b32 a150, v10",0,0,0,0,""
9,17060,"v_accvgpr_write_b32 a149, v9",0,0,0,0,""
9,17068,"v_accvgpr_write_b32 a148, v8",0,0,0,0,""
9,17076,"v_mov_b64_e32 v[58:59], v[10:11]",0,0,0,0,""
9,17080,"v_mov_b64_e32 v[56:57], v[8:9]",0,0,0,0,""
9,17084,"v_mov_b64_e32 v[66:67], v[10:11]",0,0,0,0,""
9,17088,"v_mov_b64_e32 v[64:65], v[8:9]",0,0,0,0,""
9,17092,"v_mov_b64_e32 v[74:75], v[10:11]",0,0,0,0,""
9,17096,"v_mov_b64_e32 v[72:73], v[8:9]",0,0,0,0,""
9,17100,"v_mov_b64_e32 v[78:79], v[10:11]",0,0,0,0,""
9,17104,"v_mov_b64_e32 v[76:77], v[8:9]",0,0,0,0,""
9,17108,"v_mov_b64_e32 v[86:87], v[10:11]",0,0,0,0,""
9,17112,"v_mov_b64_e32 v[84:85], v[8:9]",0,0,0,0,""
9,17116,"v_mov_b64_e32 v[94:95], v[10:11]",0,0,0,0,""
9,17120,"v_mov_b64_e32 v[92:93], v[8:9]",0,0,0,0,""
9,17124,"v_mov_b64_e32 v[102:103], v[10:11]",0,0,0,0,""
9,17128,"v_mov_b64_e32 v[100:101], v[8:9]",0,0,0,0,""
9,17132,"v_mov_b64_e32 v[106:107], v[10:11]",0,0,0,0,""
9,17136,"v_mov_b64_e32 v[104:105], v[8:9]",0,0,0,0,""
9,17140,"v_mov_b64_e32 v[110:111], v[10:11]",0,0,0,0,""
9,17144,"v_mov_b64_e32 v[108:109], v[8:9]",0,0,0,0,""
9,17148,"v_mov_b64_e32 v[114:115], v[10:11]",0,0,0,0,""
9,17152,"v_mov_b64_e32 v[112:113], v[8:9]",0,0,0,0,""
9,17156,"v_mov_b64_e32 v[118:119], v[10:11]",0,0,0,0,""
9,17160,"v_mov_b64_e32 v[116:117], v[8:9]",0,0,0,0,""
9,17164,"v_mov_b64_e32 v[122:123], v[10:11]",0,0,0,0,""
9,17168,"v_mov_b64_e32 v[120:121], v[8:9]",0,0,0,0,""
9,17172,"v_mov_b64_e32 v[126:127], v[10:11]",0,0,0,0,""
9,17176,"v_mov_b64_e32 v[124:125], v[8:9]",0,0,0,0,""
9,17180,"v_mov_b64_e32 v[130:131], v[10:11]",0,0,0,0,""
9,17184,"v_mov_b64_e32 v[128:129], v[8:9]",0,0,0,0,""
9,17188,"v_mov_b64_e32 v[134:135], v[10:11]",0,0,0,0,""
9,17192,"v_mov_b64_e32 v[132:133], v[8:9]",0,0,0,0,""
9,17196,"v_mov_b64_e32 v[138:139], v[10:11]",0,0,0,0,""
9,17200,"v_mov_b64_e32 v[136:137], v[8:9]",0,0,0,0,""
9,17204,"v_accvgpr_write_b32 a143, v11",0,0,0,0,""
9,17212,"v_accvgpr_write_b32 a142, v10",0,0,0,0,""
9,17220,"v_accvgpr_write_b32 a141, v9",0,0,0,0,""
9,17228,"v_accvgpr_write_b32 a140, v8",0,0,0,0,""
9,17236,"v_accvgpr_write_b32 a139, v11",0,0,0,0,""
9,17244,"v_accvgpr_write_b32 a138, v10",0,0,0,0,""
9,17252,"v_accvgpr_write_b32 a137, v9",0,0,0,0,""
9,17260,"v_accvgpr_write_b32 a136, v8",0,0,0,0,""
9,17268,"v_accvgpr_write_b32 a135, v11",0,0,0,0,""
9,17276,"v_accvgpr_write_b32 a134, v10",0,0,0,0,""
9,17284,"v_accvgpr_write_b32 a133, v9",0,0,0,0,""
9,17292,"v_accvgpr_write_b32 a132, v8",0,0,0,0,""
9,17300,"v_accvgpr_write_b32 a131, v11",0,0,0,0,""
9,17308,"v_accvgpr_write_b32 a130, v10",0,0,0,0,""
9,17316,"v_accvgpr_write_b32 a129, v9",0,0,0,0,""
9,17324,"v_accvgpr_write_b32 a128, v8",0,0,0,0,""
9,17332,"v_mov_b64_e32 v[182:183], v[10:11]",0,0,0,0,""
9,17336,"v_mov_b64_e32 v[180:181], v[8:9]",0,0,0,0,""
9,17340,"v_mov_b64_e32 v[178:179], v[10:11]",0,0,0,0,""
9,17344,"v_mov_b64_e32 v[176:177], v[8:9]",0,0,0,0,""
9,17348,"v_mov_b64_e32 v[174:175], v[10:11]",0,0,0,0,""
9,17352,"v_mov_b64_e32 v[172:173], v[8:9]",0,0,0,0,""
9,17356,"v_mov_b64_e32 v[154:155], v[10:11]",0,0,0,0,""
9,17360,"v_mov_b64_e32 v[152:153], v[8:9]",0,0,0,0,""
9,17364,"v_mov_b64_e32 v[162:163], v[10:11]",0,0,0,0,""
9,17368,"v_mov_b64_e32 v[160:161], v[8:9]",0,0,0,0,""
9,17372,"v_mov_b64_e32 v[166:167], v[10:11]",0,0,0,0,""
9,17376,"v_mov_b64_e32 v[164:165], v[8:9]",0,0,0,0,""
9,17380,"v_mov_b64_e32 v[170:171], v[10:11]",0,0,0,0,""
9,17384,"v_mov_b64_e32 v[168:169], v[8:9]",0,0,0,0,""
9,17388,"v_mov_b64_e32 v[146:147], v[10:11]",0,0,0,0,""
9,17392,"v_mov_b64_e32 v[144:145], v[8:9]",0,0,0,0,""
9,17396,"v_mov_b64_e32 v[150:151], v[10:11]",0,0,0,0,""
9,17400,"v_mov_b64_e32 v[148:149], v[8:9]",0,0,0,0,""
9,17404,"v_mov_b64_e32 v[158:159], v[10:11]",0,0,0,0,""
9,17408,"v_mov_b64_e32 v[156:157], v[8:9]",0,0,0,0,""
9,17412,"v_mov_b64_e32 v[142:143], v[10:11]",0,0,0,0,""
9,17416,"v_mov_b64_e32 v[140:141], v[8:9]",0,0,0,0,""
9,17420,"s_and_b64 s[8:9], s[24:25], exec",0,0,0,0,""
9,17424,"s_cselect_b32 s8, 1, 0",0,0,0,0,""
9,17428,"s_cmp_lg_u32 s8, 1",0,0,0,0,""
9,17432,"s_cbranch_scc0 990",0,0,0,0,""
9,17436,"s_branch 1496",0,0,0,0,""
9,17440,"s_mov_b32 s49, 1",4,16,0,64,""
9,17444,"s_movk_i32 s28, 0x100",4,16,0,0,""
9,17448,"v_mov_b32_e32 v187, 0",4,16,0,0,""
9,17452,"v_mov_b32_e32 v186, v187",4,16,0,0,""
9,17456,"v_mov_b32_e32 v185, v187",4,16,0,0,""
9,17460,"v_mov_b32_e32 v184, v187",4,16,0,0,""
9,17464,"v_mov_b32_e32 v19, v187",4,16,0,0,""
9,17468,"v_mov_b32_e32 v18, v187",4,16,0,0,""
9,17472,"v_mov_b32_e32 v17, v187",4,16,0,0,""
9,17476,"v_mov_b32_e32 v16, v187",4,16,0,0,""
9,17480,"v_mov_b32_e32 v23, v187",4,16,0,0,""
9,17484,"v_mov_b32_e32 v22, v187",4,16,0,0,""
9,17488,"v_mov_b32_e32 v21, v187",4,16,0,0,""
9,17492,"v_mov_b32_e32 v20, v187",4,16,0,0,""
9,17496,"v_mov_b32_e32 v27, v187",4,16,0,0,""
9,17500,"v_mov_b32_e32 v26, v187",4,16,0,0,""
9,17504,"v_mov_b32_e32 v25, v187",4,16,0,0,""
9,17508,"v_mov_b32_e32 v24, v187",4,16,0,0,""
9,17512,"v_mov_b32_e32 v31, v187",4,16,0,0,""
9,17516,"v_mov_b32_e32 v30, v187",4,16,0,0,""
9,17520,"v_mov_b32_e32 v29, v187",4,16,0,0,""
9,17524,"v_mov_b32_e32 v28, v187",4,16,0,0,""
9,17528,"v_mov_b32_e32 v35, v187",4,16,0,0,""
9,17532,"v_mov_b32_e32 v34, v187",4,16,0,0,""
9,17536,"v_mov_b32_e32 v33, v187",4,16,0,0,""
9,17540,"v_mov_b32_e32 v32, v187",4,16,0,0,""
9,17544,"v_mov_b32_e32 v39, v187",4,16,0,0,""
9,17548,"v_mov_b32_e32 v38, v187",4,16,0,0,""
9,17552,"v_mov_b32_e32 v37, v187",4,16,0,0,""
9,17556,"v_mov_b32_e32 v36, v187",4,16,0,0,""
9,17560,"v_mov_b32_e32 v47, v187",4,16,0,0,""
9,17564,"v_mov_b32_e32 v46, v187",4,16,0,0,""
9,17568,"v_mov_b32_e32 v45, v187",4,16,0,0,""
9,17572,"v_mov_b32_e32 v44, v187",4,16,0,0,""
9,17576,"v_mov_b32_e32 v43, v187",4,16,0,0,""
9,17580,"v_mov_b32_e32 v42, v187",4,16,0,0,""
9,17584,"v_mov_b32_e32 v41, v187",4,16,0,0,""
9,17588,"v_mov_b32_e32 v40, v187",4,16,0,0,""
9,17592,"v_mov_b32_e32 v51, v187",4,16,0,0,""
9,17596,"v_mov_b32_e32 v50, v187",4,16,0,0,""
9,17600,"v_mov_b32_e32 v49, v187",4,16,0,0,""
9,17604,"v_mov_b32_e32 v48, v187",4,16,0,0,""
9,17608,"v_mov_b32_e32 v55, v187",4,16,0,0,""
9,17612,"v_mov_b32_e32 v54, v187",4,16,0,0,""
9,17616,"v_mov_b32_e32 v53, v187",4,16,0,0,""
9,17620,"v_mov_b32_e32 v52, v187",4,16,0,0,""
9,17624,"v_mov_b32_e32 v63, v187",4,16,0,0,""
9,17628,"v_mov_b32_e32 v62, v187",4,16,0,0,""
9,17632,"v_mov_b32_e32 v61, v187",4,16,0,0,""
9,17636,"v_mov_b32_e32 v60, v187",4,16,0,0,""
9,17640,"v_mov_b32_e32 v71, v187",4,16,0,0,""
9,17644,"v_mov_b32_e32 v70, v187",4,16,0,0,""
9,17648,"v_mov_b32_e32 v69, v187",4,16,0,0,""
9,17652,"v_mov_b32_e32 v68, v187",4,16,0,0,""
9,17656,"v_mov_b32_e32 v83, v187",4,16,0,0,""
9,17660,"v_mov_b32_e32 v82, v187",4,16,0,0,""
9,17664,"v_mov_b32_e32 v81, v187",4,16,0,0,""
9,17668,"v_mov_b32_e32 v80, v187",4,16,0,0,""
9,17672,"v_mov_b32_e32 v91, v187",4,16,0,0,""
9,17676,"v_mov_b32_e32 v90, v187",4,16,0,0,""
9,17680,"v_mov_b32_e32 v89, v187",4,16,0,0,""
9,17684,"v_mov_b32_e32 v88, v187",4,16,0,0,""
9,17688,"v_mov_b32_e32 v99, v187",4,16,0,0,""
9,17692,"v_mov_b32_e32 v98, v187",4,16,0,0,""
9,17696,"v_mov_b32_e32 v97, v187",4,16,0,0,""
9,17700,"v_mov_b32_e32 v96, v187",4,16,0,0,""
9,17704,"v_mov_b32_e32 v59, v187",4,16,0,0,""
9,17708,"v_mov_b32_e32 v58, v187",4,16,0,0,""
9,17712,"v_mov_b32_e32 v57, v187",4,16,0,0,""
9,17716,"v_mov_b32_e32 v56, v187",4,16,0,0,""
9,17720,"v_mov_b32_e32 v67, v187",4,16,0,0,""
9,17724,"v_mov_b32_e32 v66, v187",4,16,0,0,""
9,17728,"v_mov_b32_e32 v65, v187",4,16,0,0,""
9,17732,"v_mov_b32_e32 v64, v187",4,16,0,0,""
9,17736,"v_mov_b32_e32 v75, v187",4,16,0,0,""
9,17740,"v_mov_b32_e32 v74, v187",4,16,0,0,""
9,17744,"v_mov_b32_e32 v73, v187",4,16,0,0,""
9,17748,"v_mov_b32_e32 v72, v187",4,16,0,0,""
9,17752,"v_mov_b32_e32 v79, v187",4,16,0,0,""
9,17756,"v_mov_b32_e32 v78, v187",4,16,0,0,""
9,17760,"v_mov_b32_e32 v77, v187",4,16,0,0,""
9,17764,"v_mov_b32_e32 v76, v187",4,16,0,0,""
9,17768,"v_mov_b32_e32 v87, v187",4,16,0,0,""
9,17772,"v_mov_b32_e32 v86, v187",4,16,0,0,""
9,17776,"v_mov_b32_e32 v85, v187",4,16,0,0,""
9,17780,"v_mov_b32_e32 v84, v187",4,16,0,0,""
9,17784,"v_mov_b32_e32 v95, v187",4,16,0,0,""
9,17788,"v_mov_b32_e32 v94, v187",4,16,0,0,""
9,17792,"v_mov_b32_e32 v93, v187",4,16,0,0,""
9,17796,"v_mov_b32_e32 v92, v187",4,16,0,0,""
9,17800,"v_mov_b32_e32 v103, v187",4,16,0,0,""
9,17804,"v_mov_b32_e32 v102, v187",4,16,0,0,""
9,17808,"v_mov_b32_e32 v101, v187",4,16,0,0,""
9,17812,"v_mov_b32_e32 v100, v187",4,16,0,0,""
9,17816,"v_mov_b32_e32 v107, v187",4,16,0,0,""
9,17820,"v_mov_b32_e32 v106, v187",4,16,0,0,""
9,17824,"v_mov_b32_e32 v105, v187",4,16,0,0,""
9,17828,"v_mov_b32_e32 v104, v187",4,16,0,0,""
9,17832,"v_mov_b32_e32 v111, v187",4,16,0,0,""
9,17836,"v_mov_b32_e32 v110, v187",4,16,0,0,""
9,17840,"v_mov_b32_e32 v109, v187",4,16,0,0,""
9,17844,"v_mov_b32_e32 v108, v187",4,16,0,0,""
9,17848,"v_mov_b32_e32 v115, v187",4,16,0,0,""
9,17852,"v_mov_b32_e32 v114, v187",4,16,0,0,""
9,17856,"v_mov_b32_e32 v113, v187",4,16,0,0,""
9,17860,"v_mov_b32_e32 v112, v187",4,16,0,0,""
9,17864,"v_mov_b32_e32 v119, v187",4,16,0,0,""
9,17868,"v_mov_b32_e32 v118, v187",4,16,0,0,""
9,17872,"v_mov_b32_e32 v117, v187",4,16,0,0,""
9,17876,"v_mov_b32_e32 v116, v187",4,16,0,0,""
9,17880,"v_mov_b32_e32 v123, v187",4,16,0,0,""
9,17884,"v_mov_b32_e32 v122, v187",4,16,0,0,""
9,17888,"v_mov_b32_e32 v121, v187",4,16,0,0,""
9,17892,"v_mov_b32_e32 v120, v187",4,16,0,0,""
9,17896,"v_mov_b32_e32 v127, v187",4,16,0,0,""
9,17900,"v_mov_b32_e32 v126, v187",4,16,0,0,""
9,17904,"v_mov_b32_e32 v125, v187",4,16,0,0,""
9,17908,"v_mov_b32_e32 v124, v187",4,16,0,0,""
9,17912,"v_mov_b32_e32 v131, v187",4,16,0,0,""
9,17916,"v_mov_b32_e32 v130, v187",4,16,0,0,""
9,17920,"v_mov_b32_e32 v129, v187",4,16,0,0,""
9,17924,"v_mov_b32_e32 v128, v187",4,16,0,0,""
9,17928,"v_mov_b32_e32 v135, v187",4,16,0,0,""
9,17932,"v_mov_b32_e32 v134, v187",4,16,0,0,""
9,17936,"v_mov_b32_e32 v133, v187",4,16,0,0,""
9,17940,"v_mov_b32_e32 v132, v187",4,16,0,0,""
9,17944,"v_mov_b32_e32 v139, v187",4,16,0,0,""
9,17948,"v_mov_b32_e32 v138, v187",4,16,0,0,""
9,17952,"v_mov_b32_e32 v137, v187",4,16,0,0,""
9,17956,"v_mov_b32_e32 v136, v187",4,16,0,0,""
9,17960,"v_mov_b32_e32 v183, v187",4,16,0,0,""
9,17964,"v_mov_b32_e32 v182, v187",4,16,0,0,""
9,17968,"v_mov_b32_e32 v181, v187",4,16,0,0,""
9,17972,"v_mov_b32_e32 v180, v187",4,16,0,0,""
9,17976,"v_mov_b32_e32 v179, v187",4,16,0,0,""
9,17980,"v_mov_b32_e32 v178, v187",4,16,0,0,""
9,17984,"v_mov_b32_e32 v177, v187",4,16,0,0,""
9,17988,"v_mov_b32_e32 v176, v187",4,16,0,0,""
9,17992,"v_mov_b32_e32 v175, v187",4,16,0,0,""
9,17996,"v_mov_b32_e32 v174, v187",4,16,0,0,""
9,18000,"v_mov_b32_e32 v173, v187",4,16,0,0,""
9,18004,"v_mov_b32_e32 v172, v187",4,16,0,0,""
9,18008,"v_mov_b32_e32 v155, v187",4,16,0,0,""
9,18012,"v_mov_b32_e32 v154, v187",4,16,0,0,""
9,18016,"v_mov_b32_e32 v153, v187",4,16,0,0,""
9,18020,"v_mov_b32_e32 v152, v187",4,16,0,0,""
9,18024,"v_mov_b32_e32 v163, v187",4,16,0,0,""
9,18028,"v_mov_b32_e32 v162, v187",4,16,0,0,""
9,18032,"v_mov_b32_e32 v161, v187",4,16,0,0,""
9,18036,"v_mov_b32_e32 v160, v187",4,16,0,0,""
9,18040,"v_mov_b32_e32 v167, v187",4,16,0,0,""
9,18044,"v_mov_b32_e32 v166, v187",4,16,0,0,""
9,18048,"v_mov_b32_e32 v165, v187",4,16,0,0,""
9,18052,"v_mov_b32_e32 v164, v187",4,16,0,0,""
9,18056,"v_mov_b32_e32 v171, v187",4,16,0,0,""
9,18060,"v_mov_b32_e32 v170, v187",4,16,0,0,""
9,18064,"v_mov_b32_e32 v169, v187",4,16,0,0,""
9,18068,"v_mov_b32_e32 v168, v187",4,16,0,0,""
9,18072,"v_mov_b32_e32 v147, v187",4,16,0,0,""
9,18076,"v_mov_b32_e32 v146, v187",4,16,0,0,""
9,18080,"v_mov_b32_e32 v145, v187",4,16,0,0,""
9,18084,"v_mov_b32_e32 v144, v187",4,16,0,0,""
9,18088,"v_mov_b32_e32 v151, v187",4,16,0,0,""
9,18092,"v_mov_b32_e32 v150, v187",4,16,0,0,""
9,18096,"v_mov_b32_e32 v149, v187",4,16,0,0,""
9,18100,"v_mov_b32_e32 v148, v187",4,16,0,0,""
9,18104,"v_mov_b32_e32 v159, v187",4,16,0,0,""
9,18108,"v_mov_b32_e32 v158, v187",4,16,0,0,""
9,18112,"v_mov_b32_e32 v157, v187",4,16,0,0,""
9,18116,"v_mov_b32_e32 v156, v187",4,16,0,0,""
9,18120,"v_mov_b32_e32 v143, v187",4,16,0,0,""
9,18124,"v_mov_b32_e32 v142, v187",4,16,0,0,""
9,18128,"v_mov_b32_e32 v141, v187",4,16,0,0,""
9,18132,"v_mov_b32_e32 v140, v187",4,16,0,0,""
9,18136,"v_accvgpr_write_b32 a238, v216",4,16,0,0,""
9,18144,"s_mov_b32 s29, 0x8400",4,16,0,0,""
9,18152,"s_mov_b64 vcc, exec",4,16,0,0,""
9,18156,"s_cbranch_execnz 158",4,16,0,16,""
9,18160,"s_branch 786",0,0,0,0,""
9,18164,"s_lshl_b32 s26, s43, 8",0,0,0,0,""
9,18168,"s_and_b32 s26, s26, 0xfffffe00",0,0,0,0,""
9,18176,"s_add_i32 s28, s26, 0xffffff00",0,0,0,0,""
9,18184,"s_bitcmp1_b32 s38, 7",0,0,0,0,""
9,18188,"s_cselect_b64 s[26:27], -1, 0",0,0,0,0,""
9,18192,"v_mov_b32_e32 v8, s50",0,0,0,0,""
9,18196,"v_accvgpr_read_b32 v0, a211",0,0,0,0,""
9,18204,"v_accvgpr_read_b32 v2, a210",0,0,0,0,""
9,18212,"v_accvgpr_read_b32 v3, a209",0,0,0,0,""
9,18220,"v_accvgpr_read_b32 v4, a208",0,0,0,0,""
9,18228,"v_accvgpr_read_b32 v5, a207",0,0,0,0,""
9,18236,"v_accvgpr_read_b32 v6, a206",0,0,0,0,""
9,18244,"v_accvgpr_read_b32 v7, a205",0,0,0,0,""
9,18252,"v_accvgpr_read_b32 v9, a204",0,0,0,0,""
9,18260,"v_accvgpr_read_b32 v10, a203",0,0,0,0,""
9,18268,"v_accvgpr_read_b32 v11, a202",0,0,0,0,""
9,18276,"v_accvgpr_read_b32 v12, a201",0,0,0,0,""
9,18284,"v_accvgpr_read_b32 v13, a200",0,0,0,0,""
9,18292,"v_accvgpr_read_b32 v14, a199",0,0,0,0,""
9,18300,"v_accvgpr_read_b32 v15, a198",0,0,0,0,""
9,18308,"v_accvgpr_read_b32 v196, a197",0,0,0,0,""
9,18316,"v_accvgpr_read_b32 v197, a196",0,0,0,0,""
9,18324,"v_accvgpr_read_b32 v198, a195",0,0,0,0,""
9,18332,"v_accvgpr_read_b32 v199, a194",0,0,0,0,""
9,18340,"v_accvgpr_read_b32 v200, a193",0,0,0,0,""
9,18348,"v_accvgpr_read_b32 v201, a192",0,0,0,0,""
9,18356,"v_accvgpr_read_b32 v202, a191",0,0,0,0,""
9,18364,"v_accvgpr_read_b32 v203, a190",0,0,0,0,""
9,18372,"v_accvgpr_read_b32 v206, a189",0,0,0,0,""
9,18380,"v_accvgpr_read_b32 v207, a188",0,0,0,0,""
9,18388,"v_accvgpr_read_b32 v214, a187",0,0,0,0,""
9,18396,"v_accvgpr_read_b32 v215, a186",0,0,0,0,""
9,18404,"v_accvgpr_read_b32 v227, a185",0,0,0,0,""
9,18412,"v_accvgpr_read_b32 v228, a184",0,0,0,0,""
9,18420,"v_accvgpr_read_b32 v229, a183",0,0,0,0,""
9,18428,"v_accvgpr_read_b32 v230, a182",0,0,0,0,""
9,18436,"v_accvgpr_read_b32 v231, a181",0,0,0,0,""
9,18444,"v_accvgpr_read_b32 v232, a180",0,0,0,0,""
9,18452,"v_accvgpr_read_b32 v237, a179",0,0,0,0,""
9,18460,"v_accvgpr_read_b32 v239, a178",0,0,0,0,""
9,18468,"v_accvgpr_read_b32 v240, a177",0,0,0,0,""
9,18476,"v_accvgpr_read_b32 v243, a176",0,0,0,0,""
9,18484,"v_accvgpr_read_b32 v247, a175",0,0,0,0,""
9,18492,"v_accvgpr_read_b32 v250, a174",0,0,0,0,""
9,18500,"v_accvgpr_read_b32 v253, a173",0,0,0,0,""
9,18508,"v_accvgpr_read_b32 v255, a172",0,0,0,0,""
9,18516,"v_accvgpr_mov_b32 a213, a171",0,0,0,0,""
9,18520,"v_accvgpr_mov_b32 a214, a170",0,0,0,0,""
9,18524,"v_accvgpr_mov_b32 a215, a169",0,0,0,0,""
9,18528,"v_accvgpr_mov_b32 a216, a168",0,0,0,0,""
9,18532,"v_accvgpr_mov_b32 a217, a167",0,0,0,0,""
9,18536,"v_accvgpr_mov_b32 a218, a166",0,0,0,0,""
9,18540,"v_accvgpr_mov_b32 a219, a165",0,0,0,0,""
9,18544,"v_accvgpr_mov_b32 a220, a164",0,0,0,0,""
9,18548,"v_accvgpr_mov_b32 a221, a163",0,0,0,0,""
9,18552,"v_accvgpr_mov_b32 a222, a162",0,0,0,0,""
9,18556,"v_accvgpr_mov_b32 a223, a161",0,0,0,0,""
9,18560,"v_accvgpr_mov_b32 a224, a160",0,0,0,0,""
9,18564,"v_accvgpr_mov_b32 a225, a159",0,0,0,0,""
9,18568,"v_accvgpr_mov_b32 a226, a158",0,0,0,0,""
9,18572,"v_accvgpr_mov_b32 a227, a157",0,0,0,0,""
9,18576,"v_accvgpr_mov_b32 a228, a156",0,0,0,0,""
9,18580,"v_accvgpr_mov_b32 a229, a155",0,0,0,0,""
9,18584,"v_accvgpr_mov_b32 a230, a154",0,0,0,0,""
9,18588,"v_accvgpr_mov_b32 a231, a153",0,0,0,0,""
9,18592,"v_accvgpr_mov_b32 a232, a152",0,0,0,0,""
9,18596,"v_accvgpr_mov_b32 a233, a151",0,0,0,0,""
9,18600,"v_accvgpr_mov_b32 a234, a150",0,0,0,0,""
9,18604,"v_accvgpr_mov_b32 a235, a149",0,0,0,0,""
9,18608,"v_accvgpr_mov_b32 a236, a148",0,0,0,0,""
9,18612,"v_accvgpr_read_b32 v192, a147",0,0,0,0,""
9,18620,"v_accvgpr_read_b32 v193, a146",0,0,0,0,""
9,18628,"v_accvgpr_read_b32 v194, a145",0,0,0,0,""
9,18636,"v_accvgpr_read_b32 v195, a144",0,0,0,0,""
9,18644,"v_accvgpr_read_b32 v233, a143",0,0,0,0,""
9,18652,"v_accvgpr_read_b32 v234, a142",0,0,0,0,""
9,18660,"v_accvgpr_read_b32 v235, a141",0,0,0,0,""
9,18668,"v_accvgpr_read_b32 v236, a140",0,0,0,0,""
9,18676,"v_accvgpr_read_b32 v238, a139",0,0,0,0,""
9,18684,"v_accvgpr_read_b32 v241, a138",0,0,0,0,""
9,18692,"v_accvgpr_read_b32 v244, a137",0,0,0,0,""
9,18700,"v_accvgpr_read_b32 v246, a136",0,0,0,0,""
9,18708,"v_accvgpr_read_b32 v248, a135",0,0,0,0,""
9,18716,"v_accvgpr_read_b32 v251, a134",0,0,0,0,""
9,18724,"v_accvgpr_read_b32 v254, a133",0,0,0,0,""
9,18732,"v_accvgpr_mov_b32 a212, a132",0,0,0,0,""
9,18736,"v_accvgpr_read_b32 v242, a131",0,0,0,0,""
9,18744,"v_accvgpr_read_b32 v245, a130",0,0,0,0,""
9,18752,"v_accvgpr_read_b32 v249, a129",0,0,0,0,""
9,18760,"v_accvgpr_read_b32 v252, a128",0,0,0,0,""
9,18768,"v_accvgpr_write_b32 a238, v216",0,0,0,0,""
9,18776,"s_mov_b32 s29, 0x8400",0,0,0,0,""
9,18784,"s_and_b64 vcc, exec, s[26:27]",0,0,0,0,""
9,18788,"s_cbranch_vccz 629",0,0,0,0,""
9,18792,"s_waitcnt lgkmcnt(14)",4,80,80,0,""
9,18796,"v_mfma_scale_f32_16x16x128_f8f6f4 v[96:99], a[64:71], a[0:7], v[96:99], v212, v208 op_sel_hi:[0,0,0]",4,48,0,0,""
9,18812,"v_mfma_scale_f32_16x16x128_f8f6f4 v[88:91], a[72:79], a[0:7], v[88:91], v212, v208 op_sel_hi:[0,0,0]",4,112,96,0,""
9,18828,"v_mfma_scale_f32_16x16x128_f8f6f4 v[80:83], a[80:87], a[0:7], v[80:83], v212, v208 op_sel_hi:[0,0,0]",4,128,112,0,""
9,18844,"s_and_b32 s26, s49, 63",4,16,0,0,""
9,18848,"s_lshl_b32 s26, s26, 3",4,16,0,0,""
9,18852,"s_and_b32 s27, s28, 0x3f00",4,16,0,0,""
9,18860,"v_mfma_scale_f32_16x16x128_f8f6f4 v[68:71], a[88:95], a[0:7], v[68:71], v212, v208 op_sel_hi:[0,0,0]",4,80,64,0,""
9,18876,"v_add_u32_e32 v1, 2, v8",4,48,32,0,""
9,18880,"v_mul_lo_u32 v1, v1, s56",4,16,0,0,""
9,18888,"s_nop 0",4,16,16,0,""
9,18892,"v_readfirstlane_b32 s28, v1",4,16,0,0,""
9,18896,"v_add_u32_e32 v1, s27, v226",4,16,0,0,""
9,18900,"ds_read_b64 v[190:191], v1",4,16,0,32,""
9,18908,"v_mfma_scale_f32_16x16x128_f8f6f4 v[60:63], a[64:71], a[8:15], v[60:63], v212, v208 op_sel:[0,1,0] op_sel_hi:[0,0,0]",4,32,0,0,""
9,18924,"s_waitcnt vmcnt(0) lgkmcnt(0)",4,148,148,0,""
9,18928,"v_mfma_scale_f32_16x16x128_f8f6f4 v[52:55], a[72:79], a[8:15], v[52:55], v212, v208 op_sel:[0,1,0] op_sel_hi:[0,0,0]",4,32,0,0,""
9,18944,"s_barrier",4,320,320,0,""
9,18948,"v_mfma_scale_f32_16x16x128_f8f6f4 v[48:51], a[80:87], a[8:15], v[48:51], v212, v208 op_sel:[0,1,0] op_sel_hi:[0,0,0]",4,56,32,0,""
9,18964,"v_mfma_scale_f32_16x16x128_f8f6f4 v[40:43], a[88:95], a[8:15], v[40:43], v212, v208 op_sel:[0,1,0] op_sel_hi:[0,0,0]",4,128,112,0,""
9,18980,"v_add_u32_e32 v1, s28, v224",4,48,32,0,""
9,18984,"s_mov_b32 s29, 0",4,16,0,0,""
9,18988,"s_mov_b32 m0, s48",4,16,0,0,""
9,18992,"s_nop 0",4,16,16,0,""
9,18996,"buffer_load_dwordx4 v1, s[8:11], 0 offen lds",4,40,20,0,""
9,19004,"v_mfma_scale_f32_16x16x128_f8f6f4 v[44:47], a[64:71], a[16:23], v[44:47], v212, v208 op_sel_hi:[0,1,0]",4,28,0,0,""
9,19020,"v_add_u32_e32 v1, s28, v223",4,48,32,0,""
9,19024,"s_nop 0",4,16,16,0,""
9,19028,"buffer_load_dwordx4 v1, s[8:11], 0 offen offset:1056 lds",4,20,0,16,""
9,19036,"v_mfma_scale_f32_16x16x128_f8f6f4 v[36:39], a[72:79], a[16:23], v[36:39], v212, v208 op_sel_hi:[0,1,0]",4,28,0,0,""
9,19052,"v_mfma_scale_f32_16x16x128_f8f6f4 v[32:35], a[80:87], a[16:23], v[32:35], v212, v208 op_sel_hi:[0,1,0]",4,128,112,0,""
9,19068,"v_add_u32_e32 v1, s28, v222",4,48,32,0,""
9,19072,"s_nop 0",4,16,16,0,""
9,19076,"buffer_load_dwordx4 v1, s[8:11], 0 offen offset:2112 lds",4,20,0,16,""
9,19084,"v_mfma_scale_f32_16x16x128_f8f6f4 v[28:31], a[88:95], a[16:23], v[28:31], v212, v208 op_sel_hi:[0,1,0]",4,28,0,0,""
9,19100,"v_mfma_scale_f32_16x16x128_f8f6f4 v[24:27], a[64:71], a[24:31], v[24:27], v212, v208 op_sel:[0,1,0] op_sel_hi:[0,1,0]",4,128,112,0,""
9,19116,"v_add_u32_e32 v1, s28, v221",4,48,32,0,""
9,19120,"s_nop 0",4,16,16,0,""
9,19124,"buffer_load_dwordx4 v1, s[8:11], 0 offen offset:3168 lds",4,20,0,16,""
9,19132,"v_mfma_scale_f32_16x16x128_f8f6f4 v[20:23], a[72:79], a[24:31], v[20:23], v212, v208 op_sel:[0,1,0] op_sel_hi:[0,1,0]",4,28,0,0,""
9,19148,"v_mfma_scale_f32_16x16x128_f8f6f4 v[16:19], a[80:87], a[24:31], v[16:19], v212, v208 op_sel:[0,1,0] op_sel_hi:[0,1,0]",4,128,112,0,""
9,19164,"s_add_i32 m0, s48, 0x1080",4,16,0,0,""
9,19172,"s_add_i32 s27, s28, s55",4,16,0,0,""
9,19176,"v_add_u32_e32 v1, s27, v224",4,16,0,0,""
9,19180,"s_nop 0",4,16,16,0,""
9,19184,"buffer_load_dwordx4 v1, s[8:11], 0 offen lds",4,20,0,16,""
9,19192,"v_mfma_scale_f32_16x16x128_f8f6f4 v[184:187], a[88:95], a[24:31], v[184:187], v212, v208 op_sel:[0,1,0] op_sel_hi:[0,1,0]",4,28,0,0,""
9,19208,"v_mfma_scale_f32_16x16x128_f8f6f4 v[136:139], a[64:71], a[32:39], v[136:139], v212, v209 op_sel_hi:[0,0,0]",4,128,112,0,""
9,19224,"v_add_u32_e32 v1, s27, v223",4,48,32,0,""
9,19228,"s_nop 0",4,16,16,0,""
9,19232,"buffer_load_dwordx4 v1, s[8:11], 0 offen offset:1056 lds",4,20,0,16,""
9,19240,"v_mfma_scale_f32_16x16x128_f8f6f4 v[132:135], a[72:79], a[32:39], v[132:135], v212, v209 op_sel_hi:[0,0,0]",4,28,0,0,""
9,19256,"v_mfma_scale_f32_16x16x128_f8f6f4 v[128:131], a[80:87], a[32:39], v[128:131], v212, v209 op_sel_hi:[0,0,0]",4,128,112,0,""
9,19272,"v_add_u32_e32 v1, s27, v222",4,48,32,0,""
9,19276,"s_nop 0",4,16,16,0,""
9,19280,"buffer_load_dwordx4 v1, s[8:11], 0 offen offset:2112 lds",4,20,0,16,""
9,19288,"v_mfma_scale_f32_16x16x128_f8f6f4 v[124:127], a[88:95], a[32:39], v[124:127], v212, v209 op_sel_hi:[0,0,0]",4,28,0,0,""
9,19304,"s_or_b32 s26, s26, 0x25000",4,16,0,0,""
9,19312,"v_mov_b32_e32 v1, s26",4,32,16,0,""
9,19316,"ds_read_b64 v[188:189], v1",4,16,0,32,""
9,19324,"v_mfma_scale_f32_16x16x128_f8f6f4 v[120:123], a[64:71], a[40:47], v[120:123], v212, v209 op_sel:[0,1,0] op_sel_hi:[0,0,0]",4,32,0,0,""
9,19340,"v_add_u32_e32 v1, s27, v221",4,48,32,0,""
9,19344,"s_nop 0",4,16,16,0,""
9,19348,"buffer_load_dwordx4 v1, s[8:11], 0 offen offset:3168 lds",4,20,0,16,""
9,19356,"v_mfma_scale_f32_16x16x128_f8f6f4 v[116:119], a[72:79], a[40:47], v[116:119], v212, v209 op_sel:[0,1,0] op_sel_hi:[0,0,0]",4,28,0,0,""
9,19372,"v_mfma_scale_f32_16x16x128_f8f6f4 v[112:115], a[80:87], a[40:47], v[112:115], v212, v209 op_sel:[0,1,0] op_sel_hi:[0,0,0]",4,128,112,0,""
9,19388,"s_add_i32 m0, s48, 0x2100",4,16,0,0,""
9,19396,"s_add_i32 s26, s27, s55",4,16,0,0,""
9,19400,"v_add_u32_e32 v1, s26, v224",4,16,0,0,""
9,19404,"s_nop 0",4,16,16,0,""
9,19408,"buffer_load_dwordx4 v1, s[8:11], 0 offen lds",4,20,0,16,""
9,19416,"v_mfma_scale_f32_16x16x128_f8f6f4 v[108:111], a[88:95], a[40:47], v[108:111], v212, v209 op_sel:[0,1,0] op_sel_hi:[0,0,0]",4,28,0,0,""
9,19432,"v_mfma_scale_f32_16x16x128_f8f6f4 v[104:107], a[64:71], a[48:55], v[104:107], v212, v209 op_sel_hi:[0,1,0]",4,128,112,0,""
9,19448,"v_add_u32_e32 v1, s26, v223",4,48,32,0,""
9,19452,"s_nop 0",4,16,16,0,""
9,19456,"buffer_load_dwordx4 v1, s[8:11], 0 offen offset:1056 lds",4,20,0,16,""
9,19464,"v_mfma_scale_f32_16x16x128_f8f6f4 v[100:103], a[72:79], a[48:55], v[100:103], v212, v209 op_sel_hi:[0,1,0]",4,28,0,0,""
9,19480,"v_mfma_scale_f32_16x16x128_f8f6f4 v[92:95], a[80:87], a[48:55], v[92:95], v212, v209 op_sel_hi:[0,1,0]",4,128,112,0,""
9,19496,"v_add_u32_e32 v1, s26, v222",4,48,32,0,""
9,19500,"s_nop 0",4,16,16,0,""
9,19504,"buffer_load_dwordx4 v1, s[8:11], 0 offen offset:2112 lds",4,20,0,16,""
9,19512,"v_mfma_scale_f32_16x16x128_f8f6f4 v[84:87], a[88:95], a[48:55], v[84:87], v212, v209 op_sel_hi:[0,1,0]",4,28,0,0,""
9,19528,"v_mfma_scale_f32_16x16x128_f8f6f4 v[76:79], a[64:71], a[56:63], v[76:79], v212, v209 op_sel:[0,1,0] op_sel_hi:[0,1,0]",4,128,112,0,""
9,19544,"v_add_u32_e32 v1, s26, v221",4,48,32,0,""
9,19548,"s_nop 0",4,16,16,0,""
9,19552,"buffer_load_dwordx4 v1, s[8:11], 0 offen offset:3168 lds",4,20,0,16,""
9,19560,"v_mfma_scale_f32_16x16x128_f8f6f4 v[72:75], a[72:79], a[56:63], v[72:75], v212, v209 op_sel:[0,1,0] op_sel_hi:[0,1,0]",4,28,0,0,""
9,19576,"v_mfma_scale_f32_16x16x128_f8f6f4 v[64:67], a[80:87], a[56:63], v[64:67], v212, v209 op_sel:[0,1,0] op_sel_hi:[0,1,0]",4,128,112,0,""
9,19592,"v_mfma_scale_f32_16x16x128_f8f6f4 v[56:59], a[88:95], a[56:63], v[56:59], v212, v209 op_sel:[0,1,0] op_sel_hi:[0,1,0]",4,144,112,0,""
9,19608,"ds_read_b128 a[64:67], v225 offset:33792",4,20,4,0,""
9,19616,"ds_read_b128 a[68:71], v225 offset:34848",4,16,0,0,""
9,19624,"v_accvgpr_mov_b32 a72, a236",4,16,0,0,""
9,19628,"v_accvgpr_mov_b32 a73, a235",4,16,0,0,""
9,19632,"v_accvgpr_mov_b32 a74, a234",4,16,0,0,""
9,19636,"v_accvgpr_mov_b32 a75, a233",4,16,0,0,""
9,19640,"s_nop 1",4,32,32,0,""
9,19644,"v_mfma_scale_f32_16x16x128_f8f6f4 a[148:151], a[96:103], a[0:7], a[72:75], v213, v208 op_sel_hi:[0,0,0]",4,32,0,0,""
9,19660,"s_add_i32 m0, s48, 0x3180",4,16,0,0,""
9,19668,"s_add_i32 s26, s26, s55",4,16,0,0,""
9,19672,"v_add_u32_e32 v1, s26, v224",4,16,0,0,""
9,19676,"s_nop 0",4,16,16,0,""
9,19680,"buffer_load_dwordx4 v1, s[8:11], 0 offen lds",4,24,4,16,""
9,19688,"s_nop 1",4,28,28,0,""
9,19692,"v_accvgpr_mov_b32 a72, a232",4,16,0,0,""
9,19696,"v_accvgpr_mov_b32 a73, a231",4,16,0,0,""
9,19700,"v_accvgpr_mov_b32 a74, a230",4,16,0,0,""
9,19704,"v_accvgpr_mov_b32 a75, a229",4,16,0,0,""
9,19708,"s_nop 1",4,32,32,0,""
9,19712,"v_mfma_scale_f32_16x16x128_f8f6f4 a[152:155], a[104:111], a[0:7], a[72:75], v213, v208 op_sel_hi:[0,0,0]",4,32,0,0,""
9,19728,"s_nop 6",4,112,112,0,""
9,19732,"ds_read_b128 a[72:75], v225 offset:38016",4,16,0,0,""
9,19740,"ds_read_b128 a[76:79], v225 offset:39072",4,16,0,0,""
9,19748,"v_accvgpr_mov_b32 a80, a228",4,16,0,0,""
9,19752,"v_accvgpr_mov_b32 a81, a227",4,16,0,0,""
9,19756,"v_accvgpr_mov_b32 a82, a226",4,16,0,0,""
9,19760,"v_accvgpr_mov_b32 a83, a225",4,16,0,0,""
9,19764,"s_nop 1",4,32,32,0,""
9,19768,"v_mfma_scale_f32_16x16x128_f8f6f4 a[156:159], a[112:119], a[0:7], a[80:83], v213, v208 op_sel_hi:[0,0,0]",4,32,0,0,""
9,19784,"s_nop 6",4,112,112,0,""
9,19788,"v_accvgpr_mov_b32 a80, a224",4,16,0,0,""
9,19792,"v_accvgpr_mov_b32 a81, a223",4,16,0,0,""
9,19796,"v_accvgpr_mov_b32 a82, a222",4,16,0,0,""
9,19800,"v_accvgpr_mov_b32 a83, a221",4,16,0,0,""
9,19804,"s_nop 1",4,32,32,0,""
9,19808,"v_mfma_scale_f32_16x16x128_f8f6f4 a[160:163], a[120:127], a[0:7], a[80:83], v213, v208 op_sel_hi:[0,0,0]",4,48,0,0,""
9,19824,"ds_read_b128 a[0:3], v218 offset:33792",4,16,0,0,""
9,19832,"ds_read_b128 a[4:7], v218 offset:33856",4,16,0,0,""
9,19840,"s_nop 4",4,80,80,0,""
9,19844,"ds_read_b128 a[80:83], v225 offset:42240",4,16,0,0,""
9,19852,"ds_read_b128 a[84:87], v225 offset:43296",4,16,0,0,""
9,19860,"v_accvgpr_mov_b32 a88, a220",4,16,0,0,""
9,19864,"v_accvgpr_mov_b32 a89, a219",4,16,0,0,""
9,19868,"v_accvgpr_mov_b32 a90, a218",4,16,0,0,""
9,19872,"v_accvgpr_mov_b32 a91, a217",4,16,0,0,""
9,19876,"s_nop 1",4,32,32,0,""
9,19880,"v_mfma_scale_f32_16x16x128_f8f6f4 a[164:167], a[96:103], a[8:15], a[88:91], v213, v208 op_sel:[0,1,0] op_sel_hi:[0,0,0]",4,32,0,0,""
9,19896,"v_add_u32_e32 v1, s26, v223",4,48,32,0,""
9,19900,"s_nop 0",4,16,16,0,""
9,19904,"buffer_load_dwordx4 v1, s[8:11], 0 offen offset:1056 lds",4,20,0,16,""
9,19912,"s_nop 3",4,60,60,0,""
9,19916,"v_accvgpr_mov_b32 a88, a216",4,16,0,0,""
9,19920,"v_accvgpr_mov_b32 a89, a215",4,16,0,0,""
9,19924,"v_accvgpr_mov_b32 a90, a214",4,16,0,0,""
9,19928,"v_accvgpr_mov_b32 a91, a213",4,16,0,0,""
9,19932,"s_nop 1",4,32,32,0,""
9,19936,"v_mfma_scale_f32_16x16x128_f8f6f4 a[168:171], a[104:111], a[8:15], a[88:91], v213, v208 op_sel:[0,1,0] op_sel_hi:[0,0,0]",4,32,0,0,""
9,19952,"s_nop 6",4,112,112,0,""
9,19956,"ds_read_b128 a[88:91], v225 offset:46464",4,16,0,0,""
9,19964,"ds_read_b128 a[92:95], v225 offset:47520",4,16,0,0,""
9,19972,"v_add_u32_e32 v1, s26, v222",4,16,0,0,""
9,19976,"s_nop 0",4,16,16,0,""
9,19980,"buffer_load_dwordx4 v1, s[8:11], 0 offen offset:2112 lds",4,16,0,16,""
9,19988,"v_accvgpr_write_b32 a128, v255",4,16,0,0,""
9,19996,"v_accvgpr_write_b32 a129, v253",4,16,0,0,""
9,20004,"v_accvgpr_write_b32 a130, v250",4,16,0,0,""
9,20012,"v_accvgpr_write_b32 a131, v247",4,16,0,0,""
9,20020,"s_nop 1",4,32,32,0,""
9,20024,"v_mfma_scale_f32_16x16x128_f8f6f4 a[172:175], a[112:119], a[8:15], a[128:131], v213, v208 op_sel:[0,1,0] op_sel_hi:[0,0,0]",4,32,0,0,""
9,20040,"s_nop 6",4,112,112,0,""
9,20044,"v_accvgpr_write_b32 a128, v243",4,16,0,0,""
9,20052,"v_accvgpr_write_b32 a129, v240",4,16,0,0,""
9,20060,"v_accvgpr_write_b32 a130, v239",4,16,0,0,""
9,20068,"v_accvgpr_write_b32 a131, v237",4,16,0,0,""
9,20076,"s_nop 1",4,32,32,0,""
9,20080,"v_mfma_scale_f32_16x16x128_f8f6f4 a[176:179], a[120:127], a[8:15], a[128:131], v213, v208 op_sel:[0,1,0] op_sel_hi:[0,0,0]",4,48,0,0,""
9,20096,"ds_read_b128 a[8:11], v218 offset:38016",4,16,0,0,""
9,20104,"ds_read_b128 a[12:15], v218 offset:38080",4,16,0,0,""
9,20112,"v_add_u32_e32 v1, s26, v221",4,16,0,0,""
9,20116,"s_nop 0",4,16,16,0,""
9,20120,"buffer_load_dwordx4 v1, s[8:11], 0 offen offset:3168 lds",4,20,0,16,""
9,20128,"s_nop 1",4,28,28,0,""
9,20132,"v_accvgpr_write_b32 a128, v232",4,16,0,0,""
9,20140,"v_accvgpr_write_b32 a129, v231",4,16,0,0,""
9,20148,"v_accvgpr_write_b32 a130, v230",4,16,0,0,""
9,20156,"v_accvgpr_write_b32 a131, v229",4,16,0,0,""
9,20164,"s_nop 1",4,32,32,0,""
9,20168,"v_mfma_scale_f32_16x16x128_f8f6f4 a[180:183], a[96:103], a[16:23], a[128:131], v213, v208 op_sel_hi:[0,1,0]",4,32,0,0,""
9,20184,"s_nop 6",4,112,112,0,""
9,20188,"v_accvgpr_write_b32 a128, v228",4,16,0,0,""
9,20196,"v_accvgpr_write_b32 a129, v227",4,16,0,0,""
9,20204,"v_accvgpr_write_b32 a130, v215",4,16,0,0,""
9,20212,"v_accvgpr_write_b32 a131, v214",4,16,0,0,""
9,20220,"s_nop 1",4,32,32,0,""
9,20224,"v_mfma_scale_f32_16x16x128_f8f6f4 a[184:187], a[104:111], a[16:23], a[128:131], v213, v208 op_sel_hi:[0,1,0]",4,32,0,0,""
9,20240,"s_nop 6",4,112,112,0,""
9,20244,"v_accvgpr_write_b32 a128, v207",4,16,0,0,""
9,20252,"v_accvgpr_write_b32 a129, v206",4,16,0,0,""
9,20260,"v_accvgpr_write_b32 a130, v203",4,16,0,0,""
9,20268,"v_accvgpr_write_b32 a131, v202",4,16,0,0,""
9,20276,"s_nop 1",4,32,32,0,""
9,20280,"v_mfma_scale_f32_16x16x128_f8f6f4 a[188:191], a[112:119], a[16:23], a[128:131], v213, v208 op_sel_hi:[0,1,0]",4,32,0,0,""
9,20296,"s_nop 6",4,112,112,0,""
9,20300,"v_accvgpr_write_b32 a128, v201",4,16,0,0,""
9,20308,"v_accvgpr_write_b32 a129, v200",4,16,0,0,""
9,20316,"v_accvgpr_write_b32 a130, v199",4,16,0,0,""
9,20324,"v_accvgpr_write_b32 a131, v198",4,16,0,0,""
9,20332,"s_nop 1",4,32,32,0,""
9,20336,"v_mfma_scale_f32_16x16x128_f8f6f4 a[192:195], a[120:127], a[16:23], a[128:131], v213, v208 op_sel_hi:[0,1,0]",4,48,0,0,""
9,20352,"ds_read_b128 a[16:19], v218 offset:42240",4,16,0,0,""
9,20360,"ds_read_b128 a[20:23], v218 offset:42304",4,16,0,0,""
9,20368,"s_nop 4",4,80,80,0,""
9,20372,"v_accvgpr_write_b32 a128, v197",4,16,0,0,""
9,20380,"v_accvgpr_write_b32 a129, v196",4,16,0,0,""
9,20388,"v_accvgpr_write_b32 a130, v15",4,16,0,0,""
9,20396,"v_accvgpr_write_b32 a131, v14",4,16,0,0,""
9,20404,"s_nop 1",4,32,32,0,""
9,20408,"v_mfma_scale_f32_16x16x128_f8f6f4 a[196:199], a[96:103], a[24:31], a[128:131], v213, v208 op_sel:[0,1,0] op_sel_hi:[0,1,0]",4,32,0,0,""
9,20424,"s_nop 6",4,112,112,0,""
9,20428,"v_accvgpr_write_b32 a128, v13",4,16,0,0,""
9,20436,"v_accvgpr_write_b32 a129, v12",4,16,0,0,""
9,20444,"v_accvgpr_write_b32 a130, v11",4,16,0,0,""
9,20452,"v_accvgpr_write_b32 a131, v10",4,16,0,0,""
9,20460,"s_nop 1",4,32,32,0,""
9,20464,"v_mfma_scale_f32_16x16x128_f8f6f4 a[200:203], a[104:111], a[24:31], a[128:131], v213, v208 op_sel:[0,1,0] op_sel_hi:[0,1,0]",4,32,0,0,""
9,20480,"s_nop 6",4,112,112,0,""
9,20484,"v_accvgpr_write_b32 a128, v9",4,16,0,0,""
9,20492,"v_accvgpr_write_b32 a129, v7",4,16,0,0,""
9,20500,"v_accvgpr_write_b32 a130, v6",4,16,0,0,""
9,20508,"v_accvgpr_write_b32 a131, v5",4,16,0,0,""
9,20516,"s_nop 1",4,32,32,0,""
9,20520,"v_mfma_scale_f32_16x16x128_f8f6f4 a[204:207], a[112:119], a[24:31], a[128:131], v213, v208 op_sel:[0,1,0] op_sel_hi:[0,1,0]",4,32,0,0,""
9,20536,"s_nop 6",4,112,112,0,""
9,20540,"v_accvgpr_write_b32 a128, v4",4,16,0,0,""
9,20548,"v_accvgpr_write_b32 a129, v3",4,16,0,0,""
9,20556,"v_accvgpr_write_b32 a130, v2",4,16,0,0,""
9,20564,"v_accvgpr_write_b32 a131, v0",4,16,0,0,""
9,20572,"s_nop 1",4,32,32,0,""
9,20576,"v_mfma_scale_f32_16x16x128_f8f6f4 a[208:211], a[120:127], a[24:31], a[128:131], v213, v208 op_sel:[0,1,0] op_sel_hi:[0,1,0]",4,48,0,0,""
9,20592,"ds_read_b128 a[24:27], v218 offset:46464",4,16,0,0,""
9,20600,"ds_read_b128 a[28:31], v218 offset:46528",4,16,0,0,""
9,20608,"v_mfma_scale_f32_16x16x128_f8f6f4 v[140:143], a[96:103], a[32:39], v[140:143], v213, v209 op_sel_hi:[0,0,0]",4,80,64,0,""
9,20624,"s_nop 3",4,64,64,0,""
9,20628,"v_accvgpr_mov_b32 a128, a212",4,16,0,0,""
9,20632,"v_accvgpr_write_b32 a129, v254",4,16,0,0,""
9,20640,"v_accvgpr_write_b32 a130, v251",4,16,0,0,""
9,20648,"v_accvgpr_write_b32 a131, v248",4,16,0,0,""
9,20656,"v_accvgpr_write_b32 a136, v246",4,16,0,0,""
9,20664,"v_accvgpr_write_b32 a137, v244",4,16,0,0,""
9,20672,"v_accvgpr_write_b32 a138, v241",4,16,0,0,""
9,20680,"v_mfma_scale_f32_16x16x128_f8f6f4 v[156:159], a[104:111], a[32:39], v[156:159], v213, v209 op_sel_hi:[0,0,0]",4,32,0,0,""
9,20696,"v_accvgpr_write_b32 a139, v238",4,48,32,0,""
9,20704,"v_accvgpr_write_b32 a140, v236",4,16,0,0,""
9,20712,"v_accvgpr_write_b32 a141, v235",4,16,0,0,""
9,20720,"v_accvgpr_write_b32 a142, v234",4,16,0,0,""
9,20728,"v_accvgpr_write_b32 a143, v233",4,16,0,0,""
9,20736,"v_accvgpr_write_b32 a144, v252",4,16,0,0,""
9,20744,"v_accvgpr_write_b32 a145, v249",4,16,0,0,""
9,20752,"v_mfma_scale_f32_16x16x128_f8f6f4 v[148:151], a[112:119], a[32:39], v[148:151], v213, v209 op_sel_hi:[0,0,0]",4,32,0,0,""
9,20768,"v_accvgpr_write_b32 a146, v245",4,48,32,0,""
9,20776,"v_accvgpr_write_b32 a147, v242",4,16,0,0,""
9,20784,"v_mfma_scale_f32_16x16x128_f8f6f4 v[144:147], a[120:127], a[32:39], v[144:147], v213, v209 op_sel_hi:[0,0,0]",4,80,48,0,""
9,20800,"ds_read_b128 a[32:35], v218 offset:50688",4,16,0,0,""
9,20808,"ds_read_b128 a[36:39], v218 offset:50752",4,16,0,0,""
9,20816,"v_mfma_scale_f32_16x16x128_f8f6f4 v[168:171], a[96:103], a[40:47], v[168:171], v213, v209 op_sel:[0,1,0] op_sel_hi:[0,0,0]",4,96,64,0,""
9,20832,"ds_read_b128 v[0:3], v225 offset:63360",4,16,0,0,""
9,20840,"ds_read_b128 v[4:7], v225 offset:64416",4,16,0,0,""
9,20848,"v_mfma_scale_f32_16x16x128_f8f6f4 v[164:167], a[104:111], a[40:47], v[164:167], v213, v209 op_sel:[0,1,0] op_sel_hi:[0,0,0]",4,80,64,0,""
9,20864,"v_mfma_scale_f32_16x16x128_f8f6f4 v[160:163], a[112:119], a[40:47], v[160:163], v213, v209 op_sel:[0,1,0] op_sel_hi:[0,0,0]",4,128,112,0,""
9,20880,"v_mfma_scale_f32_16x16x128_f8f6f4 v[152:155], a[120:127], a[40:47], v[152:155], v213, v209 op_sel:[0,1,0] op_sel_hi:[0,0,0]",4,144,112,0,""
9,20896,"ds_read_b128 a[40:43], v218 offset:54912",4,20,4,0,""
9,20904,"ds_read_b128 a[44:47], v218 offset:54976",4,20,4,0,""
9,20912,"ds_read_b128 v[8:11], v218 offset:63360",4,16,0,0,""
9,20920,"ds_read_b128 v[12:15], v218 offset:63424",4,20,4,0,""
9,20928,"v_mfma_scale_f32_16x16x128_f8f6f4 v[172:175], a[96:103], a[48:55], v[172:175], v213, v209 op_sel_hi:[0,1,0]",4,40,16,0,""
9,20944,"v_mfma_scale_f32_16x16x128_f8f6f4 a[132:135], a[96:103], a[56:63], a[128:131], v213, v209 op_sel:[0,1,0] op_sel_hi:[0,1,0]",4,144,112,0,""
9,20960,"ds_read_b128 a[96:99], v225 offset:50688",4,16,0,0,""
9,20968,"ds_read_b128 a[100:103], v225 offset:51744",4,16,0,0,""
9,20976,"v_mfma_scale_f32_16x16x128_f8f6f4 v[176:179], a[104:111], a[48:55], v[176:179], v213, v209 op_sel_hi:[0,1,0]",4,80,64,0,""
9,20992,"v_mfma_scale_f32_16x16x128_f8f6f4 a[136:139], a[104:111], a[56:63], a[136:139], v213, v209 op_sel:[0,1,0] op_sel_hi:[0,1,0]",4,144,112,0,""
9,21008,"ds_read_b128 a[104:107], v225 offset:54912",4,16,0,0,""
9,21016,"ds_read_b128 a[108:111], v225 offset:55968",4,16,0,0,""
9,21024,"v_mfma_scale_f32_16x16x128_f8f6f4 v[180:183], a[112:119], a[48:55], v[180:183], v213, v209 op_sel_hi:[0,1,0]",4,80,64,0,""
9,21040,"v_mfma_scale_f32_16x16x128_f8f6f4 a[140:143], a[112:119], a[56:63], a[140:143], v213, v209 op_sel:[0,1,0] op_sel_hi:[0,1,0]",4,144,112,0,""
9,21056,"ds_read_b128 a[112:115], v225 offset:59136",4,16,0,0,""
9,21064,"ds_read_b128 a[116:119], v225 offset:60192",4,16,0,0,""
9,21072,"v_mfma_scale_f32_16x16x128_f8f6f4 a[128:131], a[120:127], a[48:55], a[144:147], v213, v209 op_sel_hi:[0,1,0]",4,96,64,0,""
9,21088,"ds_read_b128 a[48:51], v218 offset:59136",4,16,0,0,""
9,21096,"ds_read_b128 a[52:55], v218 offset:59200",4,16,0,0,""
9,21104,"s_nop 4",4,80,80,0,""
9,21108,"v_accvgpr_write_b32 a144, v195",4,16,0,0,""
9,21116,"v_accvgpr_write_b32 a145, v194",4,16,0,0,""
9,21124,"v_accvgpr_write_b32 a146, v193",4,16,0,0,""
9,21132,"v_accvgpr_write_b32 a147, v192",4,16,0,0,""
9,21140,"s_nop 1",4,32,32,0,""
9,21144,"v_mfma_scale_f32_16x16x128_f8f6f4 a[144:147], a[120:127], a[56:63], a[144:147], v213, v209 op_sel:[0,1,0] op_sel_hi:[0,1,0]",4,32,0,0,""
9,21160,"s_waitcnt lgkmcnt(14)",4,16,16,0,""
9,21164,"v_mov_b64_e32 v[212:213], v[188:189]",4,32,16,0,""
9,21168,"v_mov_b64_e32 v[208:209], v[190:191]",4,16,0,0,""
9,21172,"s_waitcnt lgkmcnt(12)",4,16,16,0,""
9,21176,"v_accvgpr_write_b32 a127, v7",4,16,0,0,""
9,21184,"v_accvgpr_write_b32 a126, v6",4,16,0,0,""
9,21192,"v_accvgpr_write_b32 a125, v5",4,16,0,0,""
9,21200,"v_accvgpr_write_b32 a124, v4",4,16,0,0,""
9,21208,"v_accvgpr_write_b32 a123, v3",4,16,0,0,""
9,21216,"v_accvgpr_write_b32 a122, v2",4,16,0,0,""
9,21224,"v_accvgpr_write_b32 a121, v1",4,16,0,0,""
9,21232,"v_accvgpr_write_b32 a120, v0",4,16,0,0,""
9,21240,"s_waitcnt lgkmcnt(8)",4,16,16,0,""
9,21244,"v_accvgpr_write_b32 a63, v15",4,16,0,0,""
9,21252,"v_accvgpr_write_b32 a62, v14",4,16,0,0,""
9,21260,"v_accvgpr_write_b32 a61, v13",4,16,0,0,""
9,21268,"v_accvgpr_write_b32 a60, v12",4,16,0,0,""
9,21276,"v_accvgpr_write_b32 a59, v11",4,16,0,16,""
9,21284,"v_accvgpr_write_b32 a58, v10",4,16,0,0,""
9,21292,"v_accvgpr_write_b32 a57, v9",4,16,0,0,""
9,21300,"v_accvgpr_write_b32 a56, v8",4,16,0,0,""
9,21308,"v_accvgpr_read_b32 v12, a144",4,16,0,16,""
9,21316,"v_accvgpr_read_b32 v13, a145",4,16,0,0,""
9,21324,"v_accvgpr_read_b32 v14, a146",4,16,0,0,""
9,21332,"v_accvgpr_read_b32 v15, a147",4,16,0,0,""
9,21340,"v_mov_b64_e32 v[8:9], v[184:185]",4,16,0,0,""
9,21344,"v_mov_b64_e32 v[10:11], v[186:187]",4,16,0,0,""
9,21348,"v_accvgpr_read_b32 v192, a237",4,16,0,0,""
9,21356,"v_accvgpr_read_b32 v216, a238",4,16,0,0,""
9,21364,"v_accvgpr_read_b32 v188, a240",4,16,0,0,""
9,21372,"v_accvgpr_read_b32 v193, a239",4,16,0,0,""
9,21380,"s_and_b64 s[8:9], s[24:25], exec",4,16,0,0,""
9,21384,"s_cselect_b32 s8, 1, 0",4,16,0,0,""
9,21388,"s_cmp_lg_u32 s8, 1",4,16,0,0,""
9,21392,"s_cbranch_scc1 507",4,16,0,16,""
9,21396,"s_add_i32 s26, s13, 1",4,16,0,0,""
9,21400,"s_and_b32 s8, s26, 63",4,16,0,0,""
9,21404,"s_cbranch_scc1 134",4,16,0,16,""
9,21408,"s_waitcnt lgkmcnt(0)",0,0,0,0,""
9,21412,"s_barrier",0,0,0,0,""
9,21416,"s_add_i32 s8, s26, s53",0,0,0,0,""
9,21420,"s_cmp_lt_i32 s8, s43",0,0,0,0,""
9,21424,"s_cselect_b64 s[8:9], -1, 0",0,0,0,0,""
9,21428,"s_and_b64 s[24:25], s[8:9], s[0:1]",0,0,0,0,""
9,21432,"v_mov_b32_e32 v184, 0",0,0,0,0,""
9,21436,"v_mov_b32_e32 v185, 0",0,0,0,0,""
9,21440,"v_mov_b32_e32 v186, 0",0,0,0,0,""
9,21444,"v_mov_b32_e32 v0, 0",0,0,0,0,""
9,21448,"s_mul_i32 s27, s26, s12",0,0,0,0,""
9,21452,"v_mov_b32_e32 v187, v0",0,0,0,0,""
9,21456,"s_and_saveexec_b64 s[10:11], s[24:25]",0,0,0,0,""
9,21460,"s_cbranch_execz 3",0,0,0,0,""
9,21464,"v_add_u32_e32 v1, s27, v210",0,0,0,0,""
9,21468,"buffer_load_dwordx4 v[184:187], v1, s[16:19], 0 offen",0,0,0,0,""
9,21476,"s_or_b64 exec, exec, s[10:11]",0,0,0,0,""
9,21480,"s_add_i32 s28, s26, s54",0,0,0,0,""
9,21484,"s_cmp_lt_i32 s28, s43",0,0,0,0,""
9,21488,"s_cselect_b64 s[10:11], -1, 0",0,0,0,0,""
9,21492,"s_and_b64 s[24:25], s[10:11], s[0:1]",0,0,0,0,""
9,21496,"v_mov_b32_e32 v1, v0",0,0,0,0,""
9,21500,"v_mov_b32_e32 v2, v0",0,0,0,0,""
9,21504,"v_mov_b32_e32 v3, v0",0,0,0,0,""
9,21508,"s_and_saveexec_b64 s[12:13], s[24:25]",0,0,0,0,""
9,21512,"s_cbranch_execz 3",0,0,0,0,""
9,21516,"v_add_u32_e32 v0, s27, v216",0,0,0,0,""
9,21520,"buffer_load_dwordx4 v[0:3], v0, s[16:19], 0 offen",0,0,0,0,""
9,21528,"s_or_b64 exec, exec, s[12:13]",0,0,0,0,""
9,21532,"s_add_i32 s12, s28, 16",0,0,0,0,""
9,21536,"s_cmp_lt_i32 s12, s43",0,0,0,0,""
9,21540,"s_cselect_b64 s[12:13], -1, 0",0,0,0,0,""
9,21544,"s_and_b64 s[30:31], s[12:13], s[0:1]",0,0,0,0,""
9,21548,"v_mov_b32_e32 v204, 0",0,0,0,0,""
9,21552,"v_mov_b32_e32 v205, 0",0,0,0,0,""
9,21556,"v_mov_b32_e32 v206, 0",0,0,0,0,""
9,21560,"v_mov_b32_e32 v4, 0",0,0,0,0,""
9,21564,"v_mov_b32_e32 v207, v4",0,0,0,0,""
9,21568,"s_and_saveexec_b64 s[24:25], s[30:31]",0,0,0,0,""
9,21572,"s_cbranch_execz 3",0,0,0,0,""
9,21576,"v_add_u32_e32 v5, s27, v220",0,0,0,0,""
9,21580,"buffer_load_dwordx4 v[204:207], v5, s[16:19], 0 offen",0,0,0,0,""
9,21588,"s_or_b64 exec, exec, s[24:25]",0,0,0,0,""
9,21592,"s_add_i32 s28, s28, 32",0,0,0,0,""
9,21596,"s_cmp_lt_i32 s28, s43",0,0,0,0,""
9,21600,"s_cselect_b64 s[24:25], -1, 0",0,0,0,0,""
9,21604,"s_and_b64 s[30:31], s[24:25], s[0:1]",0,0,0,0,""
9,21608,"v_mov_b32_e32 v5, v4",0,0,0,0,""
9,21612,"v_mov_b32_e32 v6, v4",0,0,0,0,""
9,21616,"v_mov_b32_e32 v7, v4",0,0,0,0,""
9,21620,"s_and_saveexec_b64 s[0:1], s[30:31]",0,0,0,0,""
9,21624,"s_cbranch_execz 3",0,0,0,0,""
9,21628,"v_add_u32_e32 v4, s27, v188",0,0,0,0,""
9,21632,"buffer_load_dwordx4 v[4:7], v4, s[16:19], 0 offen",0,0,0,0,""
9,21640,"s_or_b64 exec, exec, s[0:1]",0,0,0,0,""
9,21644,"s_and_b64 s[0:1], s[14:15], exec",0,0,0,0,""
9,21648,"s_cselect_b32 s0, 1, 0",0,0,0,0,""
9,21652,"s_cmp_lg_u32 s0, 1",0,0,0,0,""
9,21656,"s_cbranch_scc1 4",0,0,0,0,""
9,21660,"v_or_b32_e32 v188, s26, v211",0,0,0,0,""
9,21664,"buffer_load_ubyte v217, v188, s[20:23], 0 offen",0,0,0,0,""
9,21672,"s_branch 1",0,0,0,0,""
9,21676,"v_mov_b32_e32 v217, 0",0,0,0,0,""
9,21680,"s_waitcnt vmcnt(0)",0,0,0,0,""
9,21684,"v_mov_b32_e32 v188, v211",0,0,0,0,""
9,21688,"s_nop 0",0,0,0,0,""
9,21692,"v_lshlrev_b32_e32 v189, 3, v188",0,0,0,0,""
9,21696,"v_and_b32_e32 v189, 32, v189",0,0,0,0,""
9,21700,"v_lshlrev_b32_e32 v190, 1, v188",0,0,0,0,""
9,21704,"v_and_b32_e32 v190, 6, v190",0,0,0,0,""
9,21708,"v_bfe_u32 v191, v188, 3, 1",0,0,0,0,""
9,21716,"v_or3_b32 v189, v189, v190, v191",0,0,0,0,""
9,21724,"v_ashrrev_i32_e32 v190, 31, v188",0,0,0,0,""
9,21728,"v_lshrrev_b32_e32 v191, 28, v190",0,0,0,0,""
9,21732,"v_add_lshl_u32 v191, v188, v191, 4",0,0,0,0,""
9,21740,"v_and_b32_e32 v191, 0xffffff00, v191",0,0,0,0,""
9,21748,"v_add_u32_e32 v191, s3, v191",0,0,0,0,""
9,21752,"v_lshl_or_b32 v214, v189, 2, v191",0,0,0,0,""
9,21760,"v_lshrrev_b32_e32 v189, 30, v190",0,0,0,0,""
9,21764,"v_add_u32_e32 v189, v188, v189",0,0,0,0,""
9,21768,"v_and_b32_e32 v189, -4, v189",0,0,0,0,""
9,21772,"v_sub_u32_e32 v188, v188, v189",0,0,0,0,""
9,21776,"v_and_b32_e32 v189, 1, v188",0,0,0,0,""
9,21780,"v_mov_b32_e32 v190, 0x3070105",0,0,0,0,""
9,21788,"v_mov_b32_e32 v191, 0x6020400",0,0,0,0,""
9,21796,"v_cmp_eq_u32_e32 vcc, 0, v189",0,0,0,0,""
9,21800,"s_nop 1",0,0,0,0,""
9,21804,"v_cndmask_b32_e32 v210, v190, v191, vcc",0,0,0,0,""
9,21808,"v_add_u32_e32 v188, 1, v188",0,0,0,0,""
9,21812,"v_mov_b32_e32 v189, 0x3020706",0,0,0,0,""
9,21820,"v_mov_b32_e32 v190, 0x5040100",0,0,0,0,""
9,21828,"s_and_b64 s[0:1], s[8:9], exec",0,0,0,0,""
9,21832,"s_cselect_b32 s0, 1, 0",0,0,0,0,""
9,21836,"s_cmp_lg_u32 s0, 1",0,0,0,0,""
9,21840,"v_cmp_gt_u32_e32 vcc, 3, v188",0,0,0,0,""
9,21844,"s_nop 1",0,0,0,0,""
9,21848,"v_cndmask_b32_e32 v215, v189, v190, vcc",0,0,0,0,""
9,21852,"s_cbranch_scc0 1965",0,0,0,0,""
9,21856,"s_and_b64 s[0:1], s[10:11], exec",0,0,0,0,""
9,21860,"s_cselect_b32 s0, 1, 0",0,0,0,0,""
9,21864,"s_cmp_lg_u32 s0, 1",0,0,0,0,""
9,21868,"s_cbranch_scc0 2008",0,0,0,0,""
9,21872,"s_and_b64 s[0:1], s[12:13], exec",0,0,0,0,""
9,21876,"s_cselect_b32 s0, 1, 0",0,0,0,0,""
9,21880,"s_cmp_lg_u32 s0, 1",0,0,0,0,""
9,21884,"s_cbranch_scc0 2053",0,0,0,0,""
9,21888,"s_and_b64 s[0:1], s[24:25], exec",0,0,0,0,""
9,21892,"s_cselect_b32 s0, 1, 0",0,0,0,0,""
9,21896,"s_cmp_lg_u32 s0, 1",0,0,0,0,""
9,21900,"s_cbranch_scc0 2098",0,0,0,0,""
9,21904,"s_and_b64 s[0:1], s[14:15], exec",0,0,0,0,""
9,21908,"s_cselect_b32 s0, 1, 0",0,0,0,0,""
9,21912,"s_cmp_lg_u32 s0, 1",0,0,0,0,""
9,21916,"s_cbranch_scc1 4",0,0,0,0,""
9,21920,"v_add_u32_e32 v0, 0x25000, v219",0,0,0,0,""
9,21928,"ds_write_b32 v0, v217",0,0,0,0,""
9,21936,"s_waitcnt lgkmcnt(0)",0,0,0,0,""
9,21940,"s_barrier",0,0,0,0,""
9,21944,"s_setprio 1",4,80,80,0,""
9,21948,"s_waitcnt lgkmcnt(14)",4,16,16,0,""
9,21952,"v_mfma_scale_f32_16x16x128_f8f6f4 v[96:99], a[64:71], a[0:7], v[96:99], v212, v208 op_sel_hi:[0,0,0]",4,32,0,32,""
9,21968,"v_mfma_scale_f32_16x16x128_f8f6f4 v[88:91], a[72:79], a[0:7], v[88:91], v212, v208 op_sel_hi:[0,0,0]",4,128,112,0,""
9,21984,"s_lshl_b32 s0, s26, 8",4,16,0,0,""
9,21988,"s_and_b32 s0, s0, 0x3f00",4,16,0,0,""
9,21996,"s_or_b32 s0, s0, s52",4,16,0,0,""
9,22000,"v_add_u32_e32 v0, s0, v193",4,72,56,0,""
9,22004,"v_add_u32_e32 v0, 0x21000, v0",4,32,16,0,""
9,22012,"ds_read_b64 v[184:185], v0",4,16,0,32,""
9,22020,"v_mfma_scale_f32_16x16x128_f8f6f4 v[80:83], a[80:87], a[0:7], v[80:83], v212, v208 op_sel_hi:[0,0,0]",4,52,12,0,""
9,22036,"v_mfma_scale_f32_16x16x128_f8f6f4 v[68:71], a[88:95], a[0:7], v[68:71], v212, v208 op_sel_hi:[0,0,0]",4,116,88,0,""
9,22052,"v_mfma_scale_f32_16x16x128_f8f6f4 v[60:63], a[64:71], a[8:15], v[60:63], v212, v208 op_sel:[0,1,0] op_sel_hi:[0,0,0]",4,128,112,0,""
9,22068,"s_setprio 0",4,16,16,0,""
9,22072,"s_waitcnt vmcnt(0) lgkmcnt(0)",4,16,16,0,""
9,22076,"s_barrier",4,136,136,0,""
9,22080,"s_setprio 1",4,16,16,0,""
9,22084,"v_mfma_scale_f32_16x16x128_f8f6f4 v[52:55], a[72:79], a[8:15], v[52:55], v212, v208 op_sel:[0,1,0] op_sel_hi:[0,0,0]",4,48,8,0,""
9,22100,"v_mfma_scale_f32_16x16x128_f8f6f4 v[48:51], a[80:87], a[8:15], v[48:51], v212, v208 op_sel:[0,1,0] op_sel_hi:[0,0,0]",4,116,100,0,""
9,22116,"v_mfma_scale_f32_16x16x128_f8f6f4 v[40:43], a[88:95], a[8:15], v[40:43], v212, v208 op_sel:[0,1,0] op_sel_hi:[0,0,0]",4,128,112,0,""
9,22132,"v_mfma_scale_f32_16x16x128_f8f6f4 v[44:47], a[64:71], a[16:23], v[44:47], v212, v208 op_sel_hi:[0,1,0]",4,128,112,0,""
9,22148,"v_mfma_scale_f32_16x16x128_f8f6f4 v[36:39], a[72:79], a[16:23], v[36:39], v212, v208 op_sel_hi:[0,1,0]",4,128,112,0,""
9,22164,"v_mfma_scale_f32_16x16x128_f8f6f4 v[32:35], a[80:87], a[16:23], v[32:35], v212, v208 op_sel_hi:[0,1,0]",4,128,112,0,""
9,22180,"v_mfma_scale_f32_16x16x128_f8f6f4 v[28:31], a[88:95], a[16:23], v[28:31], v212, v208 op_sel_hi:[0,1,0]",4,128,112,0,""
9,22196,"v_mfma_scale_f32_16x16x128_f8f6f4 v[24:27], a[64:71], a[24:31], v[24:27], v212, v208 op_sel:[0,1,0] op_sel_hi:[0,1,0]",4,128,112,0,""
9,22212,"v_mfma_scale_f32_16x16x128_f8f6f4 v[20:23], a[72:79], a[24:31], v[20:23], v212, v208 op_sel:[0,1,0] op_sel_hi:[0,1,0]",4,128,112,0,""
9,22228,"v_mfma_scale_f32_16x16x128_f8f6f4 v[16:19], a[80:87], a[24:31], v[16:19], v212, v208 op_sel:[0,1,0] op_sel_hi:[0,1,0]",4,128,112,0,""
9,22244,"v_mfma_scale_f32_16x16x128_f8f6f4 v[8:11], a[88:95], a[24:31], v[8:11], v212, v208 op_sel:[0,1,0] op_sel_hi:[0,1,0]",4,128,112,0,""
9,22260,"v_mfma_scale_f32_16x16x128_f8f6f4 v[136:139], a[64:71], a[32:39], v[136:139], v212, v209 op_sel_hi:[0,0,0]",4,128,112,0,""
9,22276,"v_mfma_scale_f32_16x16x128_f8f6f4 v[132:135], a[72:79], a[32:39], v[132:135], v212, v209 op_sel_hi:[0,0,0]",4,128,112,0,""
9,22292,"v_mfma_scale_f32_16x16x128_f8f6f4 v[128:131], a[80:87], a[32:39], v[128:131], v212, v209 op_sel_hi:[0,0,0]",4,128,112,0,""
9,22308,"v_mfma_scale_f32_16x16x128_f8f6f4 v[124:127], a[88:95], a[32:39], v[124:127], v212, v209 op_sel_hi:[0,0,0]",4,128,112,0,""
9,22324,"s_lshl_b32 s0, s26, 3",4,16,0,0,""
9,22328,"s_and_b32 s0, s0, 0x1f8",4,16,0,0,""
9,22336,"s_or_b32 s0, s0, 0x25000",4,16,0,0,""
9,22344,"v_mov_b32_e32 v0, s0",4,16,0,0,""
9,22348,"ds_read_b64 v[186:187], v0",4,20,4,32,""
9,22356,"v_mfma_scale_f32_16x16x128_f8f6f4 v[120:123], a[64:71], a[40:47], v[120:123], v212, v209 op_sel:[0,1,0] op_sel_hi:[0,0,0]",4,32,0,0,""
9,22372,"v_mfma_scale_f32_16x16x128_f8f6f4 v[116:119], a[72:79], a[40:47], v[116:119], v212, v209 op_sel:[0,1,0] op_sel_hi:[0,0,0]",4,128,112,0,""
9,22388,"v_mfma_scale_f32_16x16x128_f8f6f4 v[112:115], a[80:87], a[40:47], v[112:115], v212, v209 op_sel:[0,1,0] op_sel_hi:[0,0,0]",4,128,112,0,""
9,22404,"v_mfma_scale_f32_16x16x128_f8f6f4 v[108:111], a[88:95], a[40:47], v[108:111], v212, v209 op_sel:[0,1,0] op_sel_hi:[0,0,0]",4,128,112,0,""
9,22420,"v_mfma_scale_f32_16x16x128_f8f6f4 v[104:107], a[64:71], a[48:55], v[104:107], v212, v209 op_sel_hi:[0,1,0]",4,128,112,0,""
9,22436,"v_mfma_scale_f32_16x16x128_f8f6f4 v[100:103], a[72:79], a[48:55], v[100:103], v212, v209 op_sel_hi:[0,1,0]",4,128,112,0,""
9,22452,"v_mfma_scale_f32_16x16x128_f8f6f4 v[92:95], a[80:87], a[48:55], v[92:95], v212, v209 op_sel_hi:[0,1,0]",4,128,112,0,""
9,22468,"v_mfma_scale_f32_16x16x128_f8f6f4 v[84:87], a[88:95], a[48:55], v[84:87], v212, v209 op_sel_hi:[0,1,0]",4,128,112,0,""
9,22484,"v_mfma_scale_f32_16x16x128_f8f6f4 v[76:79], a[64:71], a[56:63], v[76:79], v212, v209 op_sel:[0,1,0] op_sel_hi:[0,1,0]",4,128,112,0,""
9,22500,"v_mfma_scale_f32_16x16x128_f8f6f4 v[72:75], a[72:79], a[56:63], v[72:75], v212, v209 op_sel:[0,1,0] op_sel_hi:[0,1,0]",4,128,112,0,""
9,22516,"v_add_u32_e32 v188, s29, v218",4,48,32,0,""
9,22520,"ds_read_b128 v[0:3], v188",4,20,4,32,""
9,22528,"ds_read_b128 v[4:7], v188 offset:64",4,16,0,0,""
9,22536,"v_mfma_scale_f32_16x16x128_f8f6f4 v[64:67], a[80:87], a[56:63], v[64:67], v212, v209 op_sel:[0,1,0] op_sel_hi:[0,1,0]",4,48,0,0,""
9,22552,"v_mfma_scale_f32_16x16x128_f8f6f4 v[56:59], a[88:95], a[56:63], v[56:59], v212, v209 op_sel:[0,1,0] op_sel_hi:[0,1,0]",4,112,96,0,""
9,22568,"v_add_u32_e32 v189, s29, v192",4,48,32,0,""
9,22572,"v_add_u32_e32 v189, 0x10800, v189",4,16,0,0,""
9,22580,"ds_read_b128 a[64:67], v189",4,16,0,32,""
9,22588,"ds_read_b128 a[68:71], v189 offset:1056",4,16,0,0,""
9,22596,"v_mfma_scale_f32_16x16x128_f8f6f4 a[148:151], a[96:103], a[0:7], a[148:151], v213, v208 op_sel_hi:[0,0,0]",4,48,0,0,""
9,22612,"v_mfma_scale_f32_16x16x128_f8f6f4 a[152:155], a[104:111], a[0:7], a[152:155], v213, v208 op_sel_hi:[0,0,0]",4,128,80,0,""
9,22628,"ds_read_b128 a[72:75], v189 offset:4224",4,16,0,0,""
9,22636,"ds_read_b128 a[76:79], v189 offset:5280",4,16,0,0,""
9,22644,"v_mfma_scale_f32_16x16x128_f8f6f4 a[156:159], a[112:119], a[0:7], a[156:159], v213, v208 op_sel_hi:[0,0,0]",4,80,48,0,""
9,22660,"v_mfma_scale_f32_16x16x128_f8f6f4 a[160:163], a[120:127], a[0:7], a[160:163], v213, v208 op_sel_hi:[0,0,0]",4,144,112,0,""
9,22676,"ds_read_b128 a[80:83], v189 offset:8448",4,16,0,0,""
9,22684,"ds_read_b128 a[84:87], v189 offset:9504",4,16,0,0,""
9,22692,"s_setprio 1",4,16,16,0,""
9,22696,"v_mfma_scale_f32_16x16x128_f8f6f4 a[164:167], a[96:103], a[8:15], a[164:167], v213, v208 op_sel:[0,1,0] op_sel_hi:[0,0,0]",4,64,48,0,""
9,22712,"v_mfma_scale_f32_16x16x128_f8f6f4 a[168:171], a[104:111], a[8:15], a[168:171], v213, v208 op_sel:[0,1,0] op_sel_hi:[0,0,0]",4,144,112,0,""
9,22728,"ds_read_b128 a[88:91], v189 offset:12672",4,16,0,0,""
9,22736,"ds_read_b128 a[92:95], v189 offset:13728",4,16,0,0,""
9,22744,"v_mfma_scale_f32_16x16x128_f8f6f4 a[172:175], a[112:119], a[8:15], a[172:175], v213, v208 op_sel:[0,1,0] op_sel_hi:[0,0,0]",4,80,64,0,""
9,22760,"v_mfma_scale_f32_16x16x128_f8f6f4 a[176:179], a[120:127], a[8:15], a[176:179], v213, v208 op_sel:[0,1,0] op_sel_hi:[0,0,0]",4,144,112,0,""
9,22776,"ds_read_b128 a[8:11], v188 offset:4224",4,16,0,0,""
9,22784,"ds_read_b128 a[12:15], v188 offset:4288",4,16,0,0,""
9,22792,"v_mfma_scale_f32_16x16x128_f8f6f4 a[180:183], a[96:103], a[16:23], a[180:183], v213, v208 op_sel_hi:[0,1,0]",4,80,64,0,""
9,22808,"v_mfma_scale_f32_16x16x128_f8f6f4 a[184:187], a[104:111], a[16:23], a[184:187], v213, v208 op_sel_hi:[0,1,0]",4,128,112,0,""
9,22824,"v_mfma_scale_f32_16x16x128_f8f6f4 a[188:191], a[112:119], a[16:23], a[188:191], v213, v208 op_sel_hi:[0,1,0]",4,128,112,0,""
9,22840,"v_mfma_scale_f32_16x16x128_f8f6f4 a[192:195], a[120:127], a[16:23], a[192:195], v213, v208 op_sel_hi:[0,1,0]",4,144,112,0,""
9,22856,"ds_read_b128 a[16:19], v188 offset:8448",4,16,0,0,""
9,22864,"ds_read_b128 a[20:23], v188 offset:8512",4,16,0,0,""
9,22872,"v_mfma_scale_f32_16x16x128_f8f6f4 a[196:199], a[96:103], a[24:31], a[196:199], v213, v208 op_sel:[0,1,0] op_sel_hi:[0,1,0]",4,80,64,0,""
9,22888,"v_mfma_scale_f32_16x16x128_f8f6f4 a[200:203], a[104:111], a[24:31], a[200:203], v213, v208 op_sel:[0,1,0] op_sel_hi:[0,1,0]",4,128,112,0,""
9,22904,"v_mfma_scale_f32_16x16x128_f8f6f4 a[204:207], a[112:119], a[24:31], a[204:207], v213, v208 op_sel:[0,1,0] op_sel_hi:[0,1,0]",4,128,112,0,""
9,22920,"v_mfma_scale_f32_16x16x128_f8f6f4 a[208:211], a[120:127], a[24:31], a[208:211], v213, v208 op_sel:[0,1,0] op_sel_hi:[0,1,0]",4,144,112,0,""
9,22936,"ds_read_b128 a[24:27], v188 offset:12672",4,16,0,0,""
9,22944,"ds_read_b128 a[28:31], v188 offset:12736",4,16,0,0,""
9,22952,"v_mfma_scale_f32_16x16x128_f8f6f4 v[140:143], a[96:103], a[32:39], v[140:143], v213, v209 op_sel_hi:[0,0,0]",4,80,64,0,""
9,22968,"v_mfma_scale_f32_16x16x128_f8f6f4 v[156:159], a[104:111], a[32:39], v[156:159], v213, v209 op_sel_hi:[0,0,0]",4,128,112,0,""
9,22984,"v_mfma_scale_f32_16x16x128_f8f6f4 v[148:151], a[112:119], a[32:39], v[148:151], v213, v209 op_sel_hi:[0,0,0]",4,128,112,0,""
9,23000,"v_mfma_scale_f32_16x16x128_f8f6f4 v[144:147], a[120:127], a[32:39], v[144:147], v213, v209 op_sel_hi:[0,0,0]",4,144,112,0,""
9,23016,"ds_read_b128 a[32:35], v188 offset:16896",4,16,0,0,""
9,23024,"ds_read_b128 a[36:39], v188 offset:16960",4,16,0,0,""
9,23032,"v_mfma_scale_f32_16x16x128_f8f6f4 v[168:171], a[96:103], a[40:47], v[168:171], v213, v209 op_sel:[0,1,0] op_sel_hi:[0,0,0]",4,80,64,0,""
9,23048,"v_mfma_scale_f32_16x16x128_f8f6f4 v[164:167], a[104:111], a[40:47], v[164:167], v213, v209 op_sel:[0,1,0] op_sel_hi:[0,0,0]",4,128,112,0,""
9,23064,"v_mfma_scale_f32_16x16x128_f8f6f4 v[160:163], a[112:119], a[40:47], v[160:163], v213, v209 op_sel:[0,1,0] op_sel_hi:[0,0,0]",4,128,112,0,""
9,23080,"v_mfma_scale_f32_16x16x128_f8f6f4 v[152:155], a[120:127], a[40:47], v[152:155], v213, v209 op_sel:[0,1,0] op_sel_hi:[0,0,0]",4,144,112,0,""
9,23096,"ds_read_b128 a[40:43], v188 offset:21120",4,16,0,0,""
9,23104,"ds_read_b128 a[44:47], v188 offset:21184",4,16,0,0,""
9,23112,"v_mfma_scale_f32_16x16x128_f8f6f4 v[172:175], a[96:103], a[48:55], v[172:175], v213, v209 op_sel_hi:[0,1,0]",4,80,64,0,""
9,23128,"v_mfma_scale_f32_16x16x128_f8f6f4 a[132:135], a[96:103], a[56:63], a[132:135], v213, v209 op_sel:[0,1,0] op_sel_hi:[0,1,0]",4,144,112,0,""
9,23144,"ds_read_b128 a[96:99], v189 offset:16896",4,16,0,0,""
9,23152,"ds_read_b128 a[100:103], v189 offset:17952",4,16,0,0,""
9,23160,"v_mfma_scale_f32_16x16x128_f8f6f4 v[176:179], a[104:111], a[48:55], v[176:179], v213, v209 op_sel_hi:[0,1,0]",4,80,64,0,""
9,23176,"v_mfma_scale_f32_16x16x128_f8f6f4 a[136:139], a[104:111], a[56:63], a[136:139], v213, v209 op_sel:[0,1,0] op_sel_hi:[0,1,0]",4,144,112,0,""
9,23192,"ds_read_b128 a[104:107], v189 offset:21120",4,16,0,0,""
9,23200,"ds_read_b128 a[108:111], v189 offset:22176",4,16,0,0,""
9,23208,"v_mfma_scale_f32_16x16x128_f8f6f4 v[180:183], a[112:119], a[48:55], v[180:183], v213, v209 op_sel_hi:[0,1,0]",4,80,64,0,""
9,23224,"v_mfma_scale_f32_16x16x128_f8f6f4 a[140:143], a[112:119], a[56:63], a[140:143], v213, v209 op_sel:[0,1,0] op_sel_hi:[0,1,0]",4,144,112,0,""
9,23240,"ds_read_b128 a[112:115], v189 offset:25344",4,16,0,0,""
9,23248,"ds_read_b128 a[116:119], v189 offset:26400",4,16,0,0,""
9,23256,"v_mfma_scale_f32_16x16x128_f8f6f4 a[128:131], a[120:127], a[48:55], a[128:131], v213, v209 op_sel_hi:[0,1,0]",4,96,64,0,""
9,23272,"ds_read_b128 a[48:51], v188 offset:25344",4,16,0,0,""
9,23280,"ds_read_b128 a[52:55], v188 offset:25408",4,16,0,0,""
9,23288,"v_mfma_scale_f32_16x16x128_f8f6f4 v[12:15], a[120:127], a[56:63], v[12:15], v213, v209 op_sel:[0,1,0] op_sel_hi:[0,1,0]",4,96,64,0,""
9,23304,"ds_read_b128 a[56:59], v188 offset:29568",4,20,4,0,""
9,23312,"ds_read_b128 a[60:63], v188 offset:29632",4,24,8,0,""
9,23320,"ds_read_b128 a[120:123], v189 offset:29568",4,36,20,0,""
9,23328,"ds_read_b128 a[124:127], v189 offset:30624",4,48,32,0,""
9,23336,"s_setprio 0",4,16,16,0,""
9,23340,"s_waitcnt lgkmcnt(14)",4,16,16,0,""
9,23344,"v_accvgpr_write_b32 a0, v0",4,16,0,0,""
9,23352,"v_accvgpr_write_b32 a1, v1",4,16,0,0,""
9,23360,"v_accvgpr_write_b32 a2, v2",4,16,0,0,""
9,23368,"v_accvgpr_write_b32 a3, v3",4,16,0,0,""
9,23376,"v_accvgpr_write_b32 a4, v4",4,16,0,0,""
9,23384,"v_accvgpr_write_b32 a5, v5",4,16,0,0,""
9,23392,"v_accvgpr_write_b32 a6, v6",4,16,0,0,""
9,23400,"v_accvgpr_write_b32 a7, v7",4,16,0,0,""
9,23408,"v_mov_b32_e32 v213, v187",4,16,0,0,""
9,23412,"v_mov_b32_e32 v212, v186",4,16,0,0,""
9,23416,"v_mov_b32_e32 v209, v185",4,16,0,0,""
9,23420,"v_mov_b32_e32 v208, v184",4,16,0,0,""
9,23424,"s_mul_i32 s39, s39, s42",4,16,0,0,""
9,23428,"s_sub_i32 s0, s39, s2",4,16,0,0,""
9,23432,"s_lshl_b32 s46, s0, 1",4,16,0,0,""
9,23436,"s_mul_i32 s0, s35, s4",4,16,0,0,""
9,23440,"s_ashr_i32 s1, s0, 31",4,16,0,0,""
9,23444,"s_lshl_b64 s[0:1], s[0:1], 1",4,16,0,0,""
9,23448,"s_add_u32 s3, s6, s0",4,16,0,0,""
9,23452,"s_addc_u32 s4, s7, s1",4,16,0,0,""
9,23456,"s_mul_i32 s0, s33, s42",4,16,0,0,""
9,23460,"s_ashr_i32 s1, s0, 31",4,16,0,0,""
9,23464,"s_lshl_b64 s[0:1], s[0:1], 1",4,16,0,0,""
9,23468,"s_add_u32 s6, s3, s0",4,16,0,0,""
9,23472,"s_addc_u32 s4, s4, s1",4,16,0,0,""
9,23476,"s_ashr_i32 s3, s2, 31",4,16,0,0,""
9,23480,"s_lshl_b64 s[0:1], s[2:3], 1",4,16,0,0,""
9,23484,"s_add_u32 s44, s6, s0",4,16,0,0,""
9,23488,"s_addc_u32 s0, s4, s1",4,16,0,0,""
9,23492,"s_and_b32 s45, s0, 0xffff",4,16,0,0,""
9,23500,"s_mov_b32 s47, 0x20000",4,16,0,0,""
9,23508,"s_setprio 1",4,16,16,0,""
9,23512,"s_waitcnt lgkmcnt(14)",4,16,16,0,""
9,23516,"v_mfma_scale_f32_16x16x128_f8f6f4 v[184:187], a[64:71], a[0:7], v[96:99], v212, v208 op_sel_hi:[0,0,0]",4,32,0,0,""
9,23532,"v_mfma_scale_f32_16x16x128_f8f6f4 v[188:191], a[72:79], a[0:7], v[88:91], v212, v208 op_sel_hi:[0,0,0]",4,128,112,0,""
9,23548,"v_mfma_scale_f32_16x16x128_f8f6f4 v[192:195], a[80:87], a[0:7], v[80:83], v212, v208 op_sel_hi:[0,0,0]",4,136,120,0,""
9,23564,"v_mfma_scale_f32_16x16x128_f8f6f4 v[196:199], a[88:95], a[0:7], v[68:71], v212, v208 op_sel_hi:[0,0,0]",4,132,116,0,""
9,23580,"v_mfma_scale_f32_16x16x128_f8f6f4 v[200:203], a[64:71], a[8:15], v[60:63], v212, v208 op_sel:[0,1,0] op_sel_hi:[0,0,0]",4,128,112,0,""
9,23596,"v_mfma_scale_f32_16x16x128_f8f6f4 v[204:207], a[72:79], a[8:15], v[52:55], v212, v208 op_sel:[0,1,0] op_sel_hi:[0,0,0]",4,128,112,0,""
9,23612,"v_mfma_scale_f32_16x16x128_f8f6f4 v[214:217], a[80:87], a[8:15], v[48:51], v212, v208 op_sel:[0,1,0] op_sel_hi:[0,0,0]",4,128,112,0,""
9,23628,"v_mfma_scale_f32_16x16x128_f8f6f4 v[218:221], a[88:95], a[8:15], v[40:43], v212, v208 op_sel:[0,1,0] op_sel_hi:[0,0,0]",4,128,112,0,""
9,23644,"v_mfma_scale_f32_16x16x128_f8f6f4 v[222:225], a[64:71], a[16:23], v[44:47], v212, v208 op_sel_hi:[0,1,0]",4,128,112,0,""
9,23660,"v_mfma_scale_f32_16x16x128_f8f6f4 v[226:229], a[72:79], a[16:23], v[36:39], v212, v208 op_sel_hi:[0,1,0]",4,128,112,0,""
9,23676,"v_mfma_scale_f32_16x16x128_f8f6f4 v[230:233], a[80:87], a[16:23], v[32:35], v212, v208 op_sel_hi:[0,1,0]",4,128,112,0,""
9,23692,"v_mfma_scale_f32_16x16x128_f8f6f4 v[234:237], a[88:95], a[16:23], v[28:31], v212, v208 op_sel_hi:[0,1,0]",4,128,112,0,""
9,23708,"v_mfma_scale_f32_16x16x128_f8f6f4 v[238:241], a[64:71], a[24:31], v[24:27], v212, v208 op_sel:[0,1,0] op_sel_hi:[0,1,0]",4,128,112,0,""
9,23724,"v_mfma_scale_f32_16x16x128_f8f6f4 v[242:245], a[72:79], a[24:31], v[20:23], v212, v208 op_sel:[0,1,0] op_sel_hi:[0,1,0]",4,128,112,0,""
9,23740,"v_mfma_scale_f32_16x16x128_f8f6f4 v[246:249], a[80:87], a[24:31], v[16:19], v212, v208 op_sel:[0,1,0] op_sel_hi:[0,1,0]",4,128,112,0,""
9,23756,"v_mfma_scale_f32_16x16x128_f8f6f4 v[250:253], a[88:95], a[24:31], v[8:11], v212, v208 op_sel:[0,1,0] op_sel_hi:[0,1,0]",4,128,112,0,""
9,23772,"v_mfma_scale_f32_16x16x128_f8f6f4 v[136:139], a[64:71], a[32:39], v[136:139], v212, v209 op_sel_hi:[0,0,0]",4,128,112,0,""
9,23788,"v_mfma_scale_f32_16x16x128_f8f6f4 v[132:135], a[72:79], a[32:39], v[132:135], v212, v209 op_sel_hi:[0,0,0]",4,128,112,0,""
9,23804,"v_mfma_scale_f32_16x16x128_f8f6f4 v[128:131], a[80:87], a[32:39], v[128:131], v212, v209 op_sel_hi:[0,0,0]",4,128,112,0,""
9,23820,"v_mfma_scale_f32_16x16x128_f8f6f4 v[124:127], a[88:95], a[32:39], v[124:127], v212, v209 op_sel_hi:[0,0,0]",4,128,112,0,""
9,23836,"s_waitcnt lgkmcnt(10)",4,16,16,0,""
9,23840,"v_mfma_scale_f32_16x16x128_f8f6f4 v[120:123], a[64:71], a[40:47], v[120:123], v212, v209 op_sel:[0,1,0] op_sel_hi:[0,0,0]",4,112,96,0,""
9,23856,"v_mfma_scale_f32_16x16x128_f8f6f4 v[116:119], a[72:79], a[40:47], v[116:119], v212, v209 op_sel:[0,1,0] op_sel_hi:[0,0,0]",4,128,112,0,""
9,23872,"v_mfma_scale_f32_16x16x128_f8f6f4 v[112:115], a[80:87], a[40:47], v[112:115], v212, v209 op_sel:[0,1,0] op_sel_hi:[0,0,0]",4,128,112,0,""
9,23888,"v_mfma_scale_f32_16x16x128_f8f6f4 v[108:111], a[88:95], a[40:47], v[108:111], v212, v209 op_sel:[0,1,0] op_sel_hi:[0,0,0]",4,128,112,0,""
9,23904,"s_waitcnt lgkmcnt(0)",4,16,16,0,""
9,23908,"v_mfma_scale_f32_16x16x128_f8f6f4 v[104:107], a[64:71], a[48:55], v[104:107], v212, v209 op_sel_hi:[0,1,0]",4,112,96,0,""
9,23924,"v_mfma_scale_f32_16x16x128_f8f6f4 v[96:99], a[72:79], a[48:55], v[100:103], v212, v209 op_sel_hi:[0,1,0]",4,128,112,0,""
9,23940,"v_mfma_scale_f32_16x16x128_f8f6f4 v[88:91], a[80:87], a[48:55], v[92:95], v212, v209 op_sel_hi:[0,1,0]",4,128,112,0,""
9,23956,"v_mfma_scale_f32_16x16x128_f8f6f4 v[84:87], a[88:95], a[48:55], v[84:87], v212, v209 op_sel_hi:[0,1,0]",4,128,112,0,""
9,23972,"v_mfma_scale_f32_16x16x128_f8f6f4 v[80:83], a[64:71], a[56:63], v[76:79], v212, v209 op_sel:[0,1,0] op_sel_hi:[0,1,0]",4,128,112,0,""
9,23988,"v_mfma_scale_f32_16x16x128_f8f6f4 v[76:79], a[72:79], a[56:63], v[72:75], v212, v209 op_sel:[0,1,0] op_sel_hi:[0,1,0]",4,128,112,0,""
9,24004,"v_mfma_scale_f32_16x16x128_f8f6f4 v[72:75], a[80:87], a[56:63], v[64:67], v212, v209 op_sel:[0,1,0] op_sel_hi:[0,1,0]",4,128,112,0,""
9,24020,"v_mfma_scale_f32_16x16x128_f8f6f4 v[68:71], a[88:95], a[56:63], v[56:59], v212, v209 op_sel:[0,1,0] op_sel_hi:[0,1,0]",4,128,112,0,""
9,24036,"v_mfma_scale_f32_16x16x128_f8f6f4 a[148:151], a[96:103], a[0:7], a[148:151], v213, v208 op_sel_hi:[0,0,0]",4,128,112,0,""
9,24052,"v_mfma_scale_f32_16x16x128_f8f6f4 a[152:155], a[104:111], a[0:7], a[152:155], v213, v208 op_sel_hi:[0,0,0]",4,128,112,0,""
9,24068,"v_mfma_scale_f32_16x16x128_f8f6f4 a[156:159], a[112:119], a[0:7], a[156:159], v213, v208 op_sel_hi:[0,0,0]",4,128,112,0,""
9,24084,"v_mfma_scale_f32_16x16x128_f8f6f4 a[160:163], a[120:127], a[0:7], a[160:163], v213, v208 op_sel_hi:[0,0,0]",4,128,112,0,""
9,24100,"v_mfma_scale_f32_16x16x128_f8f6f4 a[164:167], a[96:103], a[8:15], a[164:167], v213, v208 op_sel:[0,1,0] op_sel_hi:[0,0,0]",4,128,112,0,""
9,24116,"v_mfma_scale_f32_16x16x128_f8f6f4 a[168:171], a[104:111], a[8:15], a[168:171], v213, v208 op_sel:[0,1,0] op_sel_hi:[0,0,0]",4,128,112,0,""
9,24132,"v_mfma_scale_f32_16x16x128_f8f6f4 a[172:175], a[112:119], a[8:15], a[172:175], v213, v208 op_sel:[0,1,0] op_sel_hi:[0,0,0]",4,128,112,0,""
9,24148,"v_mfma_scale_f32_16x16x128_f8f6f4 a[176:179], a[120:127], a[8:15], a[176:179], v213, v208 op_sel:[0,1,0] op_sel_hi:[0,0,0]",4,128,112,0,""
9,24164,"v_mfma_scale_f32_16x16x128_f8f6f4 a[180:183], a[96:103], a[16:23], a[180:183], v213, v208 op_sel_hi:[0,1,0]",4,128,112,0,""
9,24180,"v_mfma_scale_f32_16x16x128_f8f6f4 a[184:187], a[104:111], a[16:23], a[184:187], v213, v208 op_sel_hi:[0,1,0]",4,128,112,0,""
9,24196,"v_mfma_scale_f32_16x16x128_f8f6f4 a[188:191], a[112:119], a[16:23], a[188:191], v213, v208 op_sel_hi:[0,1,0]",4,128,112,0,""
9,24212,"v_mfma_scale_f32_16x16x128_f8f6f4 a[192:195], a[120:127], a[16:23], a[192:195], v213, v208 op_sel_hi:[0,1,0]",4,128,112,0,""
9,24228,"v_mfma_scale_f32_16x16x128_f8f6f4 a[196:199], a[96:103], a[24:31], a[196:199], v213, v208 op_sel:[0,1,0] op_sel_hi:[0,1,0]",4,128,112,0,""
9,24244,"v_mfma_scale_f32_16x16x128_f8f6f4 a[200:203], a[104:111], a[24:31], a[200:203], v213, v208 op_sel:[0,1,0] op_sel_hi:[0,1,0]",4,128,112,0,""
9,24260,"v_mfma_scale_f32_16x16x128_f8f6f4 a[204:207], a[112:119], a[24:31], a[204:207], v213, v208 op_sel:[0,1,0] op_sel_hi:[0,1,0]",4,128,112,0,""
9,24276,"v_mfma_scale_f32_16x16x128_f8f6f4 a[208:211], a[120:127], a[24:31], a[208:211], v213, v208 op_sel:[0,1,0] op_sel_hi:[0,1,0]",4,128,112,0,""
9,24292,"v_mfma_scale_f32_16x16x128_f8f6f4 v[64:67], a[96:103], a[32:39], v[140:143], v213, v209 op_sel_hi:[0,0,0]",4,128,112,0,""
9,24308,"v_mfma_scale_f32_16x16x128_f8f6f4 v[60:63], a[104:111], a[32:39], v[156:159], v213, v209 op_sel_hi:[0,0,0]",4,128,112,0,""
9,24324,"v_mfma_scale_f32_16x16x128_f8f6f4 v[56:59], a[112:119], a[32:39], v[148:151], v213, v209 op_sel_hi:[0,0,0]",4,128,112,0,""
9,24340,"v_mfma_scale_f32_16x16x128_f8f6f4 v[52:55], a[120:127], a[32:39], v[144:147], v213, v209 op_sel_hi:[0,0,0]",4,128,112,0,""
9,24356,"v_mfma_scale_f32_16x16x128_f8f6f4 v[48:51], a[96:103], a[40:47], v[168:171], v213, v209 op_sel:[0,1,0] op_sel_hi:[0,0,0]",4,128,112,0,""
9,24372,"v_mfma_scale_f32_16x16x128_f8f6f4 v[44:47], a[104:111], a[40:47], v[164:167], v213, v209 op_sel:[0,1,0] op_sel_hi:[0,0,0]",4,128,112,0,""
9,24388,"v_mfma_scale_f32_16x16x128_f8f6f4 v[40:43], a[112:119], a[40:47], v[160:163], v213, v209 op_sel:[0,1,0] op_sel_hi:[0,0,0]",4,128,112,0,""
9,24404,"v_mfma_scale_f32_16x16x128_f8f6f4 v[36:39], a[120:127], a[40:47], v[152:155], v213, v209 op_sel:[0,1,0] op_sel_hi:[0,0,0]",4,128,112,0,""
9,24420,"v_mfma_scale_f32_16x16x128_f8f6f4 v[32:35], a[96:103], a[48:55], v[172:175], v213, v209 op_sel_hi:[0,1,0]",4,128,112,0,""
9,24436,"v_mfma_scale_f32_16x16x128_f8f6f4 v[28:31], a[104:111], a[48:55], v[176:179], v213, v209 op_sel_hi:[0,1,0]",4,128,112,0,""
9,24452,"v_mfma_scale_f32_16x16x128_f8f6f4 v[24:27], a[112:119], a[48:55], v[180:183], v213, v209 op_sel_hi:[0,1,0]",4,128,112,0,""
9,24468,"v_accvgpr_read_b32 v0, a128",4,48,32,0,""
9,24476,"v_accvgpr_read_b32 v1, a129",4,16,0,0,""
9,24484,"v_accvgpr_read_b32 v2, a130",4,16,0,0,""
9,24492,"v_accvgpr_read_b32 v3, a131",4,16,0,0,""
9,24500,"s_nop 1",4,32,32,0,""
9,24504,"v_mfma_scale_f32_16x16x128_f8f6f4 v[20:23], a[120:127], a[48:55], v[0:3], v213, v209 op_sel_hi:[0,1,0]",4,32,0,0,""
9,24520,"s_nop 6",4,112,112,0,""
9,24524,"v_accvgpr_read_b32 v0, a132",4,16,0,0,""
9,24532,"v_accvgpr_read_b32 v1, a133",4,16,0,0,""
9,24540,"v_accvgpr_read_b32 v2, a134",4,16,0,0,""
9,24548,"v_accvgpr_read_b32 v3, a135",4,16,0,0,""
9,24556,"s_nop 1",4,32,32,0,""
9,24560,"v_mfma_scale_f32_16x16x128_f8f6f4 v[16:19], a[96:103], a[56:63], v[0:3], v213, v209 op_sel:[0,1,0] op_sel_hi:[0,1,0]",4,32,0,0,""
9,24576,"s_nop 6",4,112,112,0,""
9,24580,"v_accvgpr_read_b32 v0, a136",4,16,0,0,""
9,24588,"v_accvgpr_read_b32 v1, a137",4,16,0,0,""
9,24596,"v_accvgpr_read_b32 v2, a138",4,16,0,0,""
9,24604,"v_accvgpr_read_b32 v3, a139",4,16,0,0,""
9,24612,"s_nop 1",4,32,32,0,""
9,24616,"v_mfma_scale_f32_16x16x128_f8f6f4 v[8:11], a[104:111], a[56:63], v[0:3], v213, v209 op_sel:[0,1,0] op_sel_hi:[0,1,0]",4,32,0,0,""
9,24632,"s_nop 6",4,112,112,0,""
9,24636,"v_accvgpr_read_b32 v0, a140",4,16,0,0,""
9,24644,"v_accvgpr_read_b32 v1, a141",4,16,0,0,""
9,24652,"v_accvgpr_read_b32 v2, a142",4,16,0,0,""
9,24660,"v_accvgpr_read_b32 v3, a143",4,16,0,0,""
9,24668,"s_nop 1",4,32,32,0,""
9,24672,"v_mfma_scale_f32_16x16x128_f8f6f4 v[4:7], a[112:119], a[56:63], v[0:3], v213, v209 op_sel:[0,1,0] op_sel_hi:[0,1,0]",4,32,0,0,""
9,24688,"v_mfma_scale_f32_16x16x128_f8f6f4 v[0:3], a[120:127], a[56:63], v[12:15], v213, v209 op_sel:[0,1,0] op_sel_hi:[0,1,0]",4,128,112,0,""
9,24704,"s_setprio 0",4,16,16,0,""
9,24708,"s_nop 5",4,96,96,0,""
9,24712,"v_ashrrev_i32_e32 v12, 31, v211",4,16,0,0,""
9,24716,"v_lshrrev_b32_e32 v12, 28, v12",4,16,0,0,""
9,24720,"v_add_u32_e32 v12, v211, v12",4,16,0,0,""
9,24724,"v_ashrrev_i32_e32 v13, 4, v12",4,16,0,0,""
9,24728,"v_and_b32_e32 v12, 0x1ffffff0, v12",4,16,0,0,""
9,24736,"v_sub_u32_e32 v12, v211, v12",4,16,0,0,""
9,24740,"s_movk_i32 s2, 0x108",4,16,0,0,""
9,24744,"v_mul_lo_u32 v12, v12, s2",4,16,0,0,""
9,24752,"s_lshl_b32 s0, s37, 4",4,16,0,0,""
9,24756,"v_lshlrev_b32_e32 v13, 2, v13",4,16,0,0,""
9,24760,"v_add3_u32 v12, s0, v12, v13",4,16,0,0,""
9,24768,"s_waitcnt vmcnt(0) lgkmcnt(0)",4,16,16,0,""
9,24772,"s_barrier",4,100,100,0,""
9,24776,"v_cvt_pk_bf16_f32 v15, v186, v187",4,16,0,0,""
9,24784,"v_cvt_pk_bf16_f32 v14, v184, v185",4,16,0,0,""
9,24792,"v_add_lshl_u32 v12, s34, v12, 1",4,16,0,0,""
9,24800,"v_cvt_pk_bf16_f32 v93, v190, v191",4,16,0,0,""
9,24808,"v_cvt_pk_bf16_f32 v92, v188, v189",4,16,0,0,""
9,24816,"ds_write2_b64 v12, v[14:15], v[92:93] offset1:8",4,120,40,32,""
9,24824,"v_cvt_pk_bf16_f32 v15, v194, v195",4,36,20,0,""
9,24832,"v_cvt_pk_bf16_f32 v14, v192, v193",4,16,0,0,""
9,24840,"v_cvt_pk_bf16_f32 v93, v198, v199",4,24,8,0,""
9,24848,"v_cvt_pk_bf16_f32 v92, v196, v197",4,32,16,0,""
9,24856,"ds_write2_b64 v12, v[14:15], v[92:93] offset0:16 offset1:24",4,120,40,32,""
9,24864,"v_cvt_pk_bf16_f32 v15, v202, v203",4,32,16,0,""
9,24872,"v_cvt_pk_bf16_f32 v14, v200, v201",4,40,24,0,""
9,24880,"v_cvt_pk_bf16_f32 v93, v206, v207",4,16,0,0,""
9,24888,"v_cvt_pk_bf16_f32 v92, v204, v205",4,44,28,0,""
9,24896,"v_add_u32_e32 v13, 0x4000, v12",4,16,0,0,""
9,24904,"ds_write2_b64 v13, v[14:15], v[92:93] offset0:64 offset1:72",4,128,48,32,""
9,24912,"v_cvt_pk_bf16_f32 v15, v216, v217",4,24,8,0,""
9,24920,"v_cvt_pk_bf16_f32 v14, v214, v215",4,16,0,0,""
9,24928,"v_cvt_pk_bf16_f32 v93, v220, v221",4,16,0,0,""
9,24936,"v_cvt_pk_bf16_f32 v92, v218, v219",4,16,0,0,""
9,24944,"ds_write2_b64 v13, v[14:15], v[92:93] offset0:80 offset1:88",4,116,36,32,""
9,24952,"v_cvt_pk_bf16_f32 v15, v224, v225",4,16,0,0,""
9,24960,"v_cvt_pk_bf16_f32 v14, v222, v223",4,16,0,0,""
9,24968,"v_cvt_pk_bf16_f32 v93, v228, v229",4,16,0,0,""
9,24976,"v_cvt_pk_bf16_f32 v92, v226, v227",4,16,0,0,""
9,24984,"v_add_u32_e32 v13, 0x8000, v12",4,16,0,0,""
9,24992,"ds_write2_b64 v13, v[14:15], v[92:93] offset0:128 offset1:136",4,148,68,32,""
9,25000,"v_cvt_pk_bf16_f32 v15, v232, v233",4,16,0,0,""
9,25008,"v_cvt_pk_bf16_f32 v14, v230, v231",4,16,0,0,""
9,25016,"v_cvt_pk_bf16_f32 v93, v236, v237",4,16,0,0,""
9,25024,"v_cvt_pk_bf16_f32 v92, v234, v235",4,16,0,0,""
9,25032,"ds_write2_b64 v13, v[14:15], v[92:93] offset0:144 offset1:152",4,160,80,32,""
9,25040,"v_cvt_pk_bf16_f32 v15, v240, v241",4,16,0,0,""
9,25048,"v_cvt_pk_bf16_f32 v14, v238, v239",4,16,0,0,""
9,25056,"v_cvt_pk_bf16_f32 v93, v244, v245",4,16,0,0,""
9,25064,"v_cvt_pk_bf16_f32 v92, v242, v243",4,16,0,0,""
9,25072,"v_add_u32_e32 v13, 0xc000, v12",4,16,0,0,""
9,25080,"ds_write2_b64 v13, v[14:15], v[92:93] offset0:192 offset1:200",4,144,64,32,""
9,25088,"v_cvt_pk_bf16_f32 v15, v248, v249",4,16,0,0,""
9,25096,"v_cvt_pk_bf16_f32 v14, v246, v247",4,16,0,0,""
9,25104,"v_cvt_pk_bf16_f32 v93, v252, v253",4,16,0,0,""
9,25112,"v_cvt_pk_bf16_f32 v92, v250, v251",4,16,0,0,""
9,25120,"ds_write2_b64 v13, v[14:15], v[92:93] offset0:208 offset1:216",4,140,60,32,""
9,25128,"s_waitcnt vmcnt(0) lgkmcnt(0)",4,284,284,0,""
9,25132,"s_barrier",4,144,144,0,""
9,25136,"s_lshl_b32 s0, s5, 9",4,16,0,0,""
9,25140,"v_lshl_add_u32 v153, v211, 3, s0",4,20,4,0,""
9,25148,"v_ashrrev_i32_e32 v13, 31, v153",4,212,196,0,""
9,25152,"v_lshrrev_b32_e32 v13, 25, v13",4,16,0,0,""
9,25156,"v_add_u32_e32 v13, v153, v13",4,16,0,0,""
9,25160,"v_ashrrev_i32_e32 v156, 7, v13",4,16,0,0,""
9,25164,"v_and_b32_e32 v13, 0xffffff80, v13",4,16,0,0,""
9,25172,"v_sub_u32_e32 v93, v153, v13",4,16,0,0,""
9,25176,"v_mul_lo_u32 v15, v156, s2",4,16,0,0,""
9,25184,"v_add_u32_e32 v157, s33, v156",4,108,92,0,""
9,25188,"v_cmp_gt_i32_e32 vcc, s36, v157",4,108,92,0,""
9,25192,"v_mul_lo_u32 v92, v156, s42",4,16,0,0,""
9,25200,"s_and_saveexec_b64 s[0:1], vcc",4,16,0,48,""
9,25204,"s_cbranch_execz 9",4,16,0,16,""
9,25208,"v_add_lshl_u32 v13, v15, v93, 1",4,20,4,0,""
9,25216,"ds_read_b128 v[100:103], v13",4,24,8,44,""
9,25224,"v_add_lshl_u32 v13, v92, v93, 1",4,16,0,0,""
9,25232,"s_waitcnt lgkmcnt(0)",4,228,228,0,""
9,25236,"buffer_store_dwordx4 v[100:103], v13, s[44:47], 0 offen nt",4,100,84,0,""
9,25244,"s_or_b64 exec, exec, s[0:1]",4,16,0,0,""
9,25248,"v_add_u32_e32 v13, 0x800, v153",4,108,92,0,""
9,25256,"v_ashrrev_i32_e32 v14, 31, v13",4,88,72,0,""
9,25260,"v_lshrrev_b32_e32 v14, 25, v14",4,16,0,0,""
9,25264,"v_add_u32_e32 v14, v13, v14",4,16,0,0,""
9,25268,"v_ashrrev_i32_e32 v158, 7, v14",4,16,0,0,""
9,25272,"v_and_b32_e32 v14, 0xffffff80, v14",4,16,0,0,""
9,25280,"v_sub_u32_e32 v101, v13, v14",4,20,4,0,""
9,25284,"v_mul_lo_u32 v95, v158, s2",4,16,0,0,""
9,25292,"v_add_u32_e32 v159, s33, v158",4,16,0,0,""
9,25296,"v_cmp_gt_i32_e64 s[0:1], s36, v159",4,16,0,0,""
9,25304,"v_mul_lo_u32 v100, v158, s42",4,16,0,0,""
9,25312,"s_and_saveexec_b64 s[2:3], s[0:1]",4,16,0,48,""
9,25316,"s_cbranch_execz 9",4,16,0,16,""
9,25320,"v_add_lshl_u32 v13, v95, v101, 1",4,32,16,0,""
9,25328,"ds_read_b128 v[140:143], v13",4,16,0,32,""
9,25336,"v_add_lshl_u32 v13, v100, v101, 1",4,64,48,0,""
9,25344,"s_waitcnt lgkmcnt(0)",4,148,148,0,""
9,25348,"buffer_store_dwordx4 v[140:143], v13, s[44:47], 0 offen nt",4,16,0,4,""
9,25356,"s_or_b64 exec, exec, s[2:3]",4,16,0,0,""
9,25360,"v_add_u32_e32 v13, 0x1000, v153",4,16,0,0,""
9,25368,"v_ashrrev_i32_e32 v14, 31, v13",4,16,0,0,""
9,25372,"v_lshrrev_b32_e32 v14, 25, v14",4,16,0,0,""
9,25376,"v_add_u32_e32 v14, v13, v14",4,16,0,0,""
9,25380,"v_ashrrev_i32_e32 v160, 7, v14",4,16,0,0,""
9,25384,"v_and_b32_e32 v14, 0xffffff80, v14",4,16,0,0,""
9,25392,"v_sub_u32_e32 v140, v13, v14",4,16,0,0,""
9,25396,"s_movk_i32 s6, 0x108",4,16,0,0,""
9,25400,"v_mul_lo_u32 v102, v160, s6",4,16,0,0,""
9,25408,"v_add_u32_e32 v161, s33, v160",4,16,0,0,""
9,25412,"v_cmp_gt_i32_e64 s[2:3], s36, v161",4,16,0,0,""
9,25420,"v_mul_lo_u32 v103, v160, s42",4,16,0,0,""
9,25428,"s_and_saveexec_b64 s[4:5], s[2:3]",4,16,0,48,""
9,25432,"s_cbranch_execz 9",4,16,0,16,""
9,25436,"v_add_lshl_u32 v13, v102, v140, 1",4,16,0,64,""
9,25444,"ds_read_b128 v[142:145], v13",4,16,0,32,""
9,25452,"v_add_lshl_u32 v13, v103, v140, 1",4,16,0,0,""
9,25460,"s_waitcnt lgkmcnt(0)",4,192,192,0,""
9,25464,"buffer_store_dwordx4 v[142:145], v13, s[44:47], 0 offen nt",4,16,0,0,""
9,25472,"s_or_b64 exec, exec, s[4:5]",4,16,0,0,""
9,25476,"v_add_u32_e32 v13, 0x1800, v153",4,16,0,0,""
9,25484,"v_ashrrev_i32_e32 v14, 31, v13",4,16,0,0,""
9,25488,"v_lshrrev_b32_e32 v14, 25, v14",4,16,0,0,""
9,25492,"v_add_u32_e32 v14, v13, v14",4,16,0,0,""
9,25496,"v_ashrrev_i32_e32 v162, 7, v14",4,16,0,0,""
9,25500,"v_and_b32_e32 v14, 0xffffff80, v14",4,16,0,0,""
9,25508,"v_sub_u32_e32 v143, v13, v14",4,16,0,0,""
9,25512,"v_mul_lo_u32 v141, v162, s6",4,16,0,0,""
9,25520,"v_add_u32_e32 v163, s33, v162",4,16,0,0,""
9,25524,"v_cmp_gt_i32_e64 s[4:5], s36, v163",4,16,0,0,""
9,25532,"v_mul_lo_u32 v142, v162, s42",4,16,0,0,""
9,25540,"s_and_saveexec_b64 s[6:7], s[4:5]",4,16,0,48,""
9,25544,"s_cbranch_execz 9",4,16,0,16,""
9,25548,"v_add_lshl_u32 v13, v141, v143, 1",4,16,0,0,""
9,25556,"ds_read_b128 v[144:147], v13",4,16,0,32,""
9,25564,"v_add_lshl_u32 v13, v142, v143, 1",4,16,0,0,""
9,25572,"s_waitcnt lgkmcnt(0)",4,192,192,0,""
9,25576,"buffer_store_dwordx4 v[144:147], v13, s[44:47], 0 offen nt",4,16,0,0,""
9,25584,"s_or_b64 exec, exec, s[6:7]",4,16,0,0,""
9,25588,"v_add_u32_e32 v13, 0x2000, v153",4,16,0,0,""
9,25596,"v_ashrrev_i32_e32 v14, 31, v13",4,16,0,0,""
9,25600,"v_lshrrev_b32_e32 v14, 25, v14",4,16,0,0,""
9,25604,"v_add_u32_e32 v14, v13, v14",4,16,0,0,""
9,25608,"v_ashrrev_i32_e32 v164, 7, v14",4,16,0,0,""
9,25612,"v_and_b32_e32 v14, 0xffffff80, v14",4,16,0,0,""
9,25620,"v_sub_u32_e32 v146, v13, v14",4,16,0,0,""
9,25624,"s_movk_i32 s10, 0x108",4,16,0,0,""
9,25628,"v_mul_lo_u32 v144, v164, s10",4,16,0,0,""
9,25636,"v_add_u32_e32 v165, s33, v164",4,16,0,0,""
9,25640,"v_cmp_gt_i32_e64 s[6:7], s36, v165",4,16,0,0,""
9,25648,"v_mul_lo_u32 v145, v164, s42",4,16,0,0,""
9,25656,"s_and_saveexec_b64 s[8:9], s[6:7]",4,16,0,48,""
9,25660,"s_cbranch_execz 9",4,16,0,16,""
9,25664,"v_add_lshl_u32 v13, v144, v146, 1",4,16,0,64,""
9,25672,"ds_read_b128 v[148:151], v13",4,16,0,32,""
9,25680,"v_add_lshl_u32 v13, v145, v146, 1",4,16,0,0,""
9,25688,"s_waitcnt lgkmcnt(0)",4,192,192,0,""
9,25692,"buffer_store_dwordx4 v[148:151], v13, s[44:47], 0 offen nt",4,16,0,0,""
9,25700,"s_or_b64 exec, exec, s[8:9]",4,16,0,0,""
9,25704,"v_add_u32_e32 v13, 0x2800, v153",4,16,0,0,""
9,25712,"v_ashrrev_i32_e32 v14, 31, v13",4,16,0,0,""
9,25716,"v_lshrrev_b32_e32 v14, 25, v14",4,16,0,0,""
9,25720,"v_add_u32_e32 v14, v13, v14",4,16,0,0,""
9,25724,"v_ashrrev_i32_e32 v166, 7, v14",4,16,0,0,""
9,25728,"v_and_b32_e32 v14, 0xffffff80, v14",4,16,0,0,""
9,25736,"v_sub_u32_e32 v149, v13, v14",4,16,0,0,""
9,25740,"v_mul_lo_u32 v147, v166, s10",4,16,0,0,""
9,25748,"v_add_u32_e32 v167, s33, v166",4,16,0,0,""
9,25752,"v_cmp_gt_i32_e64 s[8:9], s36, v167",4,16,0,0,""
9,25760,"v_mul_lo_u32 v148, v166, s42",4,16,0,0,""
9,25768,"s_and_saveexec_b64 s[10:11], s[8:9]",4,16,0,48,""
9,25772,"s_cbranch_execz 9",4,16,0,16,""
9,25776,"v_add_lshl_u32 v13, v147, v149, 1",4,16,0,0,""
9,25784,"ds_read_b128 v[168:171], v13",4,16,0,32,""
9,25792,"v_add_lshl_u32 v13, v148, v149, 1",4,16,0,0,""
9,25800,"s_waitcnt lgkmcnt(0)",4,192,192,0,""
9,25804,"buffer_store_dwordx4 v[168:171], v13, s[44:47], 0 offen nt",4,16,0,0,""
9,25812,"s_or_b64 exec, exec, s[10:11]",4,16,0,0,""
9,25816,"v_add_u32_e32 v13, 0x3000, v153",4,16,0,0,""
9,25824,"v_ashrrev_i32_e32 v14, 31, v13",4,16,0,0,""
9,25828,"v_lshrrev_b32_e32 v14, 25, v14",4,16,0,0,""
9,25832,"v_add_u32_e32 v14, v13, v14",4,16,0,0,""
9,25836,"v_ashrrev_i32_e32 v168, 7, v14",4,16,0,0,""
9,25840,"v_and_b32_e32 v14, 0xffffff80, v14",4,16,0,0,""
9,25848,"v_sub_u32_e32 v152, v13, v14",4,16,0,0,""
9,25852,"s_movk_i32 s14, 0x108",4,16,0,0,""
9,25856,"v_mul_lo_u32 v150, v168, s14",4,16,0,0,""
9,25864,"v_add_u32_e32 v169, s33, v168",4,16,0,0,""
9,25868,"v_cmp_gt_i32_e64 s[10:11], s36, v169",4,16,0,0,""
9,25876,"v_mul_lo_u32 v151, v168, s42",4,16,0,0,""
9,25884,"s_and_saveexec_b64 s[12:13], s[10:11]",4,16,0,48,""
9,25888,"s_cbranch_execz 9",4,16,0,16,""
9,25892,"v_add_lshl_u32 v13, v150, v152, 1",4,16,0,0,""
9,25900,"ds_read_b128 v[170:173], v13",4,16,0,32,""
9,25908,"v_add_lshl_u32 v13, v151, v152, 1",4,16,0,0,""
9,25916,"s_waitcnt lgkmcnt(0)",4,192,192,0,""
9,25920,"buffer_store_dwordx4 v[170:173], v13, s[44:47], 0 offen nt",4,16,0,0,""
9,25928,"s_or_b64 exec, exec, s[12:13]",4,16,0,0,""
9,25932,"v_add_u32_e32 v94, 0x4200, v12",4,16,0,0,""
9,25940,"v_add_u32_e32 v14, 0x8400, v12",4,16,0,0,""
9,25948,"v_add_u32_e32 v13, 0xc600, v12",4,16,0,0,""
9,25956,"v_add_u32_e32 v153, 0x3800, v153",4,16,0,0,""
9,25964,"v_ashrrev_i32_e32 v154, 31, v153",4,16,0,0,""
9,25968,"v_lshrrev_b32_e32 v154, 25, v154",4,16,0,0,""
9,25972,"v_add_u32_e32 v154, v153, v154",4,16,0,0,""
9,25976,"v_ashrrev_i32_e32 v170, 7, v154",4,16,0,0,""
9,25980,"v_and_b32_e32 v154, 0xffffff80, v154",4,16,0,0,""
9,25988,"v_sub_u32_e32 v155, v153, v154",4,16,0,0,""
9,25992,"v_mul_lo_u32 v153, v170, s14",4,16,0,0,""
9,26000,"v_add_u32_e32 v171, s33, v170",4,16,0,0,""
9,26004,"v_cmp_gt_i32_e64 s[12:13], s36, v171",4,16,0,0,""
9,26012,"v_mul_lo_u32 v154, v170, s42",4,16,0,0,""
9,26020,"s_and_saveexec_b64 s[14:15], s[12:13]",4,16,0,48,""
9,26024,"s_cbranch_execz 9",4,16,0,16,""
9,26028,"v_add_lshl_u32 v172, v153, v155, 1",4,16,0,0,""
9,26036,"ds_read_b128 v[174:177], v172",4,16,0,32,""
9,26044,"v_add_lshl_u32 v172, v154, v155, 1",4,16,0,0,""
9,26052,"s_waitcnt lgkmcnt(0)",4,192,192,0,""
9,26056,"buffer_store_dwordx4 v[174:177], v172, s[44:47], 0 offen nt",4,16,0,0,""
9,26064,"s_or_b64 exec, exec, s[14:15]",4,16,0,0,""
9,26068,"v_cvt_pk_bf16_f32 v139, v138, v139",4,16,0,0,""
9,26076,"v_cvt_pk_bf16_f32 v138, v136, v137",4,16,0,0,""
9,26084,"v_add_u32_e32 v136, 0x10800, v12",4,16,0,0,""
9,26092,"ds_write_b64 v136, v[138:139]",4,52,4,32,""
9,26100,"v_cvt_pk_bf16_f32 v135, v134, v135",4,16,0,0,""
9,26108,"v_cvt_pk_bf16_f32 v134, v132, v133",4,16,0,0,""
9,26116,"v_add_u32_e32 v132, 0x10840, v12",4,16,0,0,""
9,26124,"ds_write_b64 v132, v[134:135]",4,48,0,32,""
9,26132,"v_cvt_pk_bf16_f32 v131, v130, v131",4,16,0,0,""
9,26140,"v_cvt_pk_bf16_f32 v130, v128, v129",4,16,0,0,""
9,26148,"v_add_u32_e32 v128, 0x10880, v12",4,16,0,0,""
9,26156,"ds_write_b64 v128, v[130:131]",4,52,4,32,""
9,26164,"v_cvt_pk_bf16_f32 v127, v126, v127",4,16,0,0,""
9,26172,"v_cvt_pk_bf16_f32 v126, v124, v125",4,16,0,0,""
9,26180,"v_add_u32_e32 v124, 0x108c0, v12",4,16,0,0,""
9,26188,"ds_write_b64 v124, v[126:127]",4,48,0,32,""
9,26196,"v_cvt_pk_bf16_f32 v123, v122, v123",4,16,0,0,""
9,26204,"v_cvt_pk_bf16_f32 v122, v120, v121",4,16,0,0,""
9,26212,"v_add_u32_e32 v120, 0x10800, v94",4,16,0,0,""
9,26220,"ds_write_b64 v120, v[122:123]",4,48,0,32,""
9,26228,"v_cvt_pk_bf16_f32 v119, v118, v119",4,16,0,0,""
9,26236,"v_cvt_pk_bf16_f32 v118, v116, v117",4,16,0,0,""
9,26244,"v_add_u32_e32 v116, 0x10840, v94",4,16,0,0,""
9,26252,"ds_write_b64 v116, v[118:119]",4,48,0,32,""
9,26260,"v_cvt_pk_bf16_f32 v115, v114, v115",4,16,0,0,""
9,26268,"v_cvt_pk_bf16_f32 v114, v112, v113",4,16,0,0,""
9,26276,"v_add_u32_e32 v112, 0x10880, v94",4,16,0,0,""
9,26284,"ds_write_b64 v112, v[114:115]",4,48,0,32,""
9,26292,"v_cvt_pk_bf16_f32 v111, v110, v111",4,16,0,0,""
9,26300,"v_cvt_pk_bf16_f32 v110, v108, v109",4,16,0,0,""
9,26308,"v_add_u32_e32 v108, 0x108c0, v94",4,16,0,0,""
9,26316,"ds_write_b64 v108, v[110:111]",4,48,0,32,""
9,26324,"v_cvt_pk_bf16_f32 v107, v106, v107",4,16,0,0,""
9,26332,"v_cvt_pk_bf16_f32 v106, v104, v105",4,16,0,0,""
9,26340,"v_add_u32_e32 v104, 0x10800, v14",4,16,0,0,""
9,26348,"ds_write_b64 v104, v[106:107]",4,48,0,32,""
9,26356,"v_cvt_pk_bf16_f32 v99, v98, v99",4,16,0,0,""
9,26364,"v_cvt_pk_bf16_f32 v98, v96, v97",4,16,0,0,""
9,26372,"v_add_u32_e32 v96, 0x10840, v14",4,16,0,0,""
9,26380,"ds_write_b64 v96, v[98:99]",4,48,0,32,""
9,26388,"v_cvt_pk_bf16_f32 v91, v90, v91",4,16,0,0,""
9,26396,"v_cvt_pk_bf16_f32 v90, v88, v89",4,16,0,0,""
9,26404,"v_add_u32_e32 v88, 0x10880, v14",4,16,0,0,""
9,26412,"ds_write_b64 v88, v[90:91]",4,48,0,32,""
9,26420,"v_cvt_pk_bf16_f32 v87, v86, v87",4,16,0,0,""
9,26428,"v_cvt_pk_bf16_f32 v86, v84, v85",4,16,0,0,""
9,26436,"v_add_u32_e32 v84, 0x108c0, v14",4,16,0,0,""
9,26444,"ds_write_b64 v84, v[86:87]",4,48,0,32,""
9,26452,"v_cvt_pk_bf16_f32 v83, v82, v83",4,16,0,0,""
9,26460,"v_cvt_pk_bf16_f32 v82, v80, v81",4,16,0,0,""
9,26468,"v_add_u32_e32 v80, 0x10800, v13",4,16,0,0,""
9,26476,"ds_write_b64 v80, v[82:83]",4,48,0,32,""
9,26484,"v_cvt_pk_bf16_f32 v79, v78, v79",4,16,0,0,""
9,26492,"v_cvt_pk_bf16_f32 v78, v76, v77",4,16,0,0,""
9,26500,"v_add_u32_e32 v76, 0x10840, v13",4,16,0,0,""
9,26508,"ds_write_b64 v76, v[78:79]",4,48,0,32,""
9,26516,"v_cvt_pk_bf16_f32 v75, v74, v75",4,16,0,0,""
9,26524,"v_cvt_pk_bf16_f32 v74, v72, v73",4,16,0,0,""
9,26532,"v_add_u32_e32 v72, 0x10880, v13",4,16,0,0,""
9,26540,"ds_write_b64 v72, v[74:75]",4,48,0,32,""
9,26548,"v_cvt_pk_bf16_f32 v71, v70, v71",4,16,0,0,""
9,26556,"v_cvt_pk_bf16_f32 v70, v68, v69",4,16,0,0,""
9,26564,"v_add_u32_e32 v68, 0x108c0, v13",4,16,0,0,""
9,26572,"ds_write_b64 v68, v[70:71]",4,48,0,32,""
9,26580,"s_waitcnt lgkmcnt(0)",4,216,216,0,""
9,26584,"s_barrier",4,256,256,0,""
9,26588,"v_add_u32_e32 v69, 0x80, v156",4,56,40,0,""
9,26596,"v_add_u32_e32 v68, 0x8400, v15",4,92,76,0,""
9,26604,"v_add_u32_e32 v70, 0x80, v157",4,24,8,0,""
9,26612,"v_cmp_gt_i32_e64 s[14:15], s36, v70",4,16,0,0,""
9,26620,"v_mul_lo_u32 v69, v69, s42",4,16,0,4,""
9,26628,"s_and_saveexec_b64 s[16:17], s[14:15]",4,16,0,44,""
9,26632,"s_cbranch_execz 9",4,16,0,16,""
9,26636,"v_add_lshl_u32 v70, v68, v93, 1",4,52,36,0,""
9,26644,"ds_read_b128 v[72:75], v70",4,16,0,32,""
9,26652,"v_add_lshl_u32 v70, v69, v93, 1",4,28,12,0,""
9,26660,"s_waitcnt lgkmcnt(0)",4,188,188,0,""
9,26664,"buffer_store_dwordx4 v[72:75], v70, s[44:47], 0 offen nt",4,56,40,0,""
9,26672,"s_or_b64 exec, exec, s[16:17]",4,16,0,0,""
9,26676,"v_add_u32_e32 v71, 0x80, v158",4,24,8,0,""
9,26684,"v_add_u32_e32 v70, 0x8400, v95",4,20,4,0,""
9,26692,"v_add_u32_e32 v72, 0x80, v159",4,16,0,0,""
9,26700,"v_cmp_gt_i32_e64 s[16:17], s36, v72",4,20,4,0,""
9,26708,"v_mul_lo_u32 v71, v71, s42",4,44,28,0,""
9,26716,"s_and_saveexec_b64 s[18:19], s[16:17]",4,16,0,36,""
9,26720,"s_cbranch_execz 9",4,16,0,16,""
9,26724,"v_add_lshl_u32 v72, v70, v101, 1",4,16,0,0,""
9,26732,"ds_read_b128 v[74:77], v72",4,16,0,32,""
9,26740,"v_add_lshl_u32 v72, v71, v101, 1",4,16,0,0,""
9,26748,"s_waitcnt lgkmcnt(0)",4,200,200,0,""
9,26752,"buffer_store_dwordx4 v[74:77], v72, s[44:47], 0 offen nt",4,36,20,0,""
9,26760,"s_or_b64 exec, exec, s[18:19]",4,16,0,0,""
9,26764,"v_add_u32_e32 v73, 0x80, v160",4,16,0,0,""
9,26772,"v_add_u32_e32 v72, 0x8400, v102",4,16,0,0,""
9,26780,"v_add_u32_e32 v74, 0x80, v161",4,16,0,0,""
9,26788,"v_cmp_gt_i32_e64 s[18:19], s36, v74",4,16,0,0,""
9,26796,"v_mul_lo_u32 v73, v73, s42",4,16,0,0,""
9,26804,"s_and_saveexec_b64 s[20:21], s[18:19]",4,16,0,48,""
9,26808,"s_cbranch_execz 9",4,16,0,16,""
9,26812,"v_add_lshl_u32 v74, v72, v140, 1",4,16,0,64,""
9,26820,"ds_read_b128 v[76:79], v74",4,16,0,32,""
9,26828,"v_add_lshl_u32 v74, v73, v140, 1",4,16,0,0,""
9,26836,"s_waitcnt lgkmcnt(0)",4,192,192,0,""
9,26840,"buffer_store_dwordx4 v[76:79], v74, s[44:47], 0 offen nt",4,16,0,0,""
9,26848,"s_or_b64 exec, exec, s[20:21]",4,16,0,0,""
9,26852,"v_add_u32_e32 v75, 0x80, v162",4,16,0,0,""
9,26860,"v_add_u32_e32 v74, 0x8400, v141",4,16,0,0,""
9,26868,"v_add_u32_e32 v76, 0x80, v163",4,16,0,0,""
9,26876,"v_cmp_gt_i32_e64 s[20:21], s36, v76",4,16,0,0,""
9,26884,"v_mul_lo_u32 v75, v75, s42",4,16,0,0,""
9,26892,"s_and_saveexec_b64 s[22:23], s[20:21]",4,16,0,48,""
9,26896,"s_cbranch_execz 9",4,16,0,16,""
9,26900,"v_add_lshl_u32 v76, v74, v143, 1",4,16,0,0,""
9,26908,"ds_read_b128 v[78:81], v76",4,16,0,48,""
9,26916,"v_add_lshl_u32 v76, v75, v143, 1",4,16,0,0,""
9,26924,"s_waitcnt lgkmcnt(0)",4,192,192,0,""
9,26928,"buffer_store_dwordx4 v[78:81], v76, s[44:47], 0 offen nt",4,16,0,0,""
9,26936,"s_or_b64 exec, exec, s[22:23]",4,16,0,0,""
9,26940,"v_add_u32_e32 v77, 0x80, v164",4,16,0,0,""
9,26948,"v_add_u32_e32 v76, 0x8400, v144",4,16,0,0,""
9,26956,"v_add_u32_e32 v78, 0x80, v165",4,16,0,0,""
9,26964,"v_cmp_gt_i32_e64 s[22:23], s36, v78",4,16,0,0,""
9,26972,"v_mul_lo_u32 v77, v77, s42",4,16,0,16,""
9,26980,"s_and_saveexec_b64 s[24:25], s[22:23]",4,16,0,32,""
9,26984,"s_cbranch_execz 9",4,16,0,16,""
9,26988,"v_add_lshl_u32 v78, v76, v146, 1",4,16,0,0,""
9,26996,"ds_read_b128 v[80:83], v78",4,16,0,32,""
9,27004,"v_add_lshl_u32 v78, v77, v146, 1",4,16,0,0,""
9,27012,"s_waitcnt lgkmcnt(0)",4,192,192,0,""
9,27016,"buffer_store_dwordx4 v[80:83], v78, s[44:47], 0 offen nt",4,16,0,0,""
9,27024,"s_or_b64 exec, exec, s[24:25]",4,16,0,0,""
9,27028,"v_add_u32_e32 v79, 0x80, v166",4,16,0,0,""
9,27036,"v_add_u32_e32 v78, 0x8400, v147",4,16,0,0,""
9,27044,"v_add_u32_e32 v80, 0x80, v167",4,16,0,0,""
9,27052,"v_cmp_gt_i32_e64 s[24:25], s36, v80",4,16,0,0,""
9,27060,"v_mul_lo_u32 v79, v79, s42",4,16,0,0,""
9,27068,"s_and_saveexec_b64 s[26:27], s[24:25]",4,16,0,48,""
9,27072,"s_cbranch_execz 9",4,16,0,16,""
9,27076,"v_add_lshl_u32 v80, v78, v149, 1",4,16,0,0,""
9,27084,"ds_read_b128 v[82:85], v80",4,16,0,32,""
9,27092,"v_add_lshl_u32 v80, v79, v149, 1",4,16,0,0,""
9,27100,"s_waitcnt lgkmcnt(0)",4,192,192,0,""
9,27104,"buffer_store_dwordx4 v[82:85], v80, s[44:47], 0 offen nt",4,16,0,0,""
9,27112,"s_or_b64 exec, exec, s[26:27]",4,16,0,0,""
9,27116,"v_add_u32_e32 v81, 0x80, v168",4,16,0,0,""
9,27124,"v_add_u32_e32 v80, 0x8400, v150",4,16,0,0,""
9,27132,"v_add_u32_e32 v82, 0x80, v169",4,16,0,0,""
9,27140,"v_cmp_gt_i32_e64 s[26:27], s36, v82",4,16,0,0,""
9,27148,"v_mul_lo_u32 v81, v81, s42",4,16,0,0,""
9,27156,"s_and_saveexec_b64 s[28:29], s[26:27]",4,16,0,48,""
9,27160,"s_cbranch_execz 9",4,16,0,16,""
9,27164,"v_add_lshl_u32 v82, v80, v152, 1",4,16,0,64,""
9,27172,"ds_read_b128 v[84:87], v82",4,16,0,32,""
9,27180,"v_add_lshl_u32 v82, v81, v152, 1",4,16,0,0,""
9,27188,"s_waitcnt lgkmcnt(0)",4,192,192,0,""
9,27192,"buffer_store_dwordx4 v[84:87], v82, s[44:47], 0 offen nt",4,16,0,0,""
9,27200,"s_or_b64 exec, exec, s[28:29]",4,16,0,0,""
9,27204,"v_add_u32_e32 v83, 0x80, v170",4,16,0,0,""
9,27212,"v_add_u32_e32 v82, 0x8400, v153",4,16,0,0,""
9,27220,"v_add_u32_e32 v84, 0x80, v171",4,16,0,0,""
9,27228,"v_cmp_gt_i32_e64 s[28:29], s36, v84",4,16,0,0,""
9,27236,"v_mul_lo_u32 v83, v83, s42",4,16,0,0,""
9,27244,"s_and_saveexec_b64 s[30:31], s[28:29]",4,16,0,48,""
9,27248,"s_cbranch_execz 9",4,16,0,16,""
9,27252,"v_add_lshl_u32 v84, v82, v155, 1",4,16,0,0,""
9,27260,"ds_read_b128 v[86:89], v84",4,16,0,48,""
9,27268,"v_add_lshl_u32 v84, v83, v155, 1",4,16,0,0,""
9,27276,"s_waitcnt lgkmcnt(0)",4,192,192,0,""
9,27280,"buffer_store_dwordx4 v[86:89], v84, s[44:47], 0 offen nt",4,16,0,0,""
9,27288,"s_or_b64 exec, exec, s[30:31]",4,16,0,0,""
9,27292,"v_accvgpr_read_b32 v84, a148",4,16,0,0,""
9,27300,"v_accvgpr_read_b32 v86, a149",4,16,0,0,""
9,27308,"v_accvgpr_read_b32 v85, a150",4,16,0,0,""
9,27316,"v_accvgpr_read_b32 v87, a151",4,16,0,0,""
9,27324,"v_cvt_pk_bf16_f32 v85, v85, v87",4,16,0,16,""
9,27332,"v_cvt_pk_bf16_f32 v84, v84, v86",4,16,0,0,""
9,27340,"v_accvgpr_read_b32 v86, a152",4,16,0,0,""
9,27348,"v_accvgpr_read_b32 v88, a153",4,16,0,0,""
9,27356,"v_accvgpr_read_b32 v87, a154",4,16,0,16,""
9,27364,"v_accvgpr_read_b32 v89, a155",4,16,0,0,""
9,27372,"v_cvt_pk_bf16_f32 v87, v87, v89",4,16,0,0,""
9,27380,"v_cvt_pk_bf16_f32 v86, v86, v88",4,16,0,0,""
9,27388,"ds_write2_b64 v12, v[84:85], v[86:87] offset0:32 offset1:40",4,84,4,32,""
9,27396,"v_accvgpr_read_b32 v84, a156",4,16,0,0,""
9,27404,"v_accvgpr_read_b32 v86, a157",4,16,0,0,""
9,27412,"v_accvgpr_read_b32 v85, a158",4,16,0,0,""
9,27420,"v_accvgpr_read_b32 v87, a159",4,16,0,16,""
9,27428,"v_cvt_pk_bf16_f32 v85, v85, v87",4,16,0,0,""
9,27436,"v_cvt_pk_bf16_f32 v84, v84, v86",4,16,0,0,""
9,27444,"v_accvgpr_read_b32 v86, a160",4,16,0,0,""
9,27452,"v_accvgpr_read_b32 v88, a161",4,16,0,16,""
9,27460,"v_accvgpr_read_b32 v87, a162",4,16,0,0,""
9,27468,"v_accvgpr_read_b32 v89, a163",4,16,0,0,""
9,27476,"v_cvt_pk_bf16_f32 v87, v87, v89",4,16,0,0,""
9,27484,"v_cvt_pk_bf16_f32 v86, v86, v88",4,16,0,16,""
9,27492,"ds_write2_b64 v12, v[84:85], v[86:87] offset0:48 offset1:56",4,80,0,32,""
9,27500,"v_accvgpr_read_b32 v84, a164",4,16,0,0,""
9,27508,"v_accvgpr_read_b32 v86, a165",4,16,0,0,""
9,27516,"v_accvgpr_read_b32 v85, a166",4,16,0,0,""
9,27524,"v_accvgpr_read_b32 v87, a167",4,16,0,0,""
9,27532,"v_cvt_pk_bf16_f32 v85, v85, v87",4,16,0,0,""
9,27540,"v_cvt_pk_bf16_f32 v84, v84, v86",4,16,0,0,""
9,27548,"v_accvgpr_read_b32 v86, a168",4,16,0,16,""
9,27556,"v_accvgpr_read_b32 v88, a169",4,16,0,0,""
9,27564,"v_accvgpr_read_b32 v87, a170",4,16,0,0,""
9,27572,"v_accvgpr_read_b32 v89, a171",4,16,0,0,""
9,27580,"v_cvt_pk_bf16_f32 v87, v87, v89",4,16,0,16,""
9,27588,"v_cvt_pk_bf16_f32 v86, v86, v88",4,16,0,0,""
9,27596,"ds_write2_b64 v94, v[84:85], v[86:87] offset0:32 offset1:40",4,80,0,32,""
9,27604,"v_accvgpr_read_b32 v84, a172",4,16,0,0,""
9,27612,"v_accvgpr_read_b32 v86, a173",4,16,0,0,""
9,27620,"v_accvgpr_read_b32 v85, a174",4,16,0,0,""
9,27628,"v_accvgpr_read_b32 v87, a175",4,16,0,0,""
9,27636,"v_cvt_pk_bf16_f32 v85, v85, v87",4,16,0,0,""
9,27644,"v_cvt_pk_bf16_f32 v84, v84, v86",4,16,0,16,""
9,27652,"v_accvgpr_read_b32 v86, a176",4,16,0,0,""
9,27660,"v_accvgpr_read_b32 v88, a177",4,16,0,0,""
9,27668,"v_accvgpr_read_b32 v87, a178",4,16,0,0,""
9,27676,"v_accvgpr_read_b32 v89, a179",4,16,0,16,""
9,27684,"v_cvt_pk_bf16_f32 v87, v87, v89",4,16,0,0,""
9,27692,"v_cvt_pk_bf16_f32 v86, v86, v88",4,16,0,0,""
9,27700,"ds_write2_b64 v94, v[84:85], v[86:87] offset0:48 offset1:56",4,80,0,32,""
9,27708,"v_accvgpr_read_b32 v84, a180",4,16,0,0,""
9,27716,"v_accvgpr_read_b32 v86, a181",4,16,0,0,""
9,27724,"v_accvgpr_read_b32 v85, a182",4,16,0,0,""
9,27732,"v_accvgpr_read_b32 v87, a183",4,16,0,0,""
9,27740,"v_cvt_pk_bf16_f32 v85, v85, v87",4,16,0,16,""
9,27748,"v_cvt_pk_bf16_f32 v84, v84, v86",4,16,0,0,""
9,27756,"v_accvgpr_read_b32 v86, a184",4,16,0,0,""
9,27764,"v_accvgpr_read_b32 v88, a185",4,16,0,0,""
9,27772,"v_accvgpr_read_b32 v87, a186",4,16,0,16,""
9,27780,"v_accvgpr_read_b32 v89, a187",4,16,0,0,""
9,27788,"v_cvt_pk_bf16_f32 v87, v87, v89",4,16,0,0,""
9,27796,"v_cvt_pk_bf16_f32 v86, v86, v88",4,16,0,0,""
9,27804,"ds_write2_b64 v14, v[84:85], v[86:87] offset0:32 offset1:40",4,80,0,32,""
9,27812,"v_accvgpr_read_b32 v84, a188",4,16,0,0,""
9,27820,"v_accvgpr_read_b32 v86, a189",4,16,0,0,""
9,27828,"v_accvgpr_read_b32 v85, a190",4,16,0,0,""
9,27836,"v_accvgpr_read_b32 v87, a191",4,16,0,16,""
9,27844,"v_cvt_pk_bf16_f32 v85, v85, v87",4,16,0,0,""
9,27852,"v_cvt_pk_bf16_f32 v84, v84, v86",4,16,0,0,""
9,27860,"v_accvgpr_read_b32 v86, a192",4,16,0,0,""
9,27868,"v_accvgpr_read_b32 v88, a193",4,16,0,16,""
9,27876,"v_accvgpr_read_b32 v87, a194",4,16,0,0,""
9,27884,"v_accvgpr_read_b32 v89, a195",4,16,0,0,""
9,27892,"v_cvt_pk_bf16_f32 v87, v87, v89",4,16,0,0,""
9,27900,"v_cvt_pk_bf16_f32 v86, v86, v88",4,16,0,16,""
9,27908,"ds_write2_b64 v14, v[84:85], v[86:87] offset0:48 offset1:56",4,80,0,32,""
9,27916,"v_accvgpr_read_b32 v84, a196",4,16,0,0,""
9,27924,"v_accvgpr_read_b32 v86, a197",4,16,0,0,""
9,27932,"v_accvgpr_read_b32 v85, a198",4,16,0,0,""
9,27940,"v_accvgpr_read_b32 v87, a199",4,16,0,0,""
9,27948,"v_cvt_pk_bf16_f32 v85, v85, v87",4,16,0,0,""
9,27956,"v_cvt_pk_bf16_f32 v84, v84, v86",4,16,0,0,""
9,27964,"v_accvgpr_read_b32 v86, a200",4,16,0,16,""
9,27972,"v_accvgpr_read_b32 v88, a201",4,16,0,0,""
9,27980,"v_accvgpr_read_b32 v87, a202",4,16,0,0,""
9,27988,"v_accvgpr_read_b32 v89, a203",4,16,0,0,""
9,27996,"v_cvt_pk_bf16_f32 v87, v87, v89",4,16,0,16,""
9,28004,"v_cvt_pk_bf16_f32 v86, v86, v88",4,16,0,0,""
9,28012,"ds_write2_b64 v13, v[84:85], v[86:87] offset0:32 offset1:40",4,80,0,32,""
9,28020,"v_accvgpr_read_b32 v84, a204",4,16,0,0,""
9,28028,"v_accvgpr_read_b32 v86, a205",4,16,0,0,""
9,28036,"v_accvgpr_read_b32 v85, a206",4,16,0,0,""
9,28044,"v_accvgpr_read_b32 v87, a207",4,16,0,0,""
9,28052,"v_cvt_pk_bf16_f32 v85, v85, v87",4,16,0,0,""
9,28060,"v_cvt_pk_bf16_f32 v84, v84, v86",4,16,0,16,""
9,28068,"v_accvgpr_read_b32 v86, a208",4,16,0,0,""
9,28076,"v_accvgpr_read_b32 v88, a209",4,16,0,0,""
9,28084,"v_accvgpr_read_b32 v87, a210",4,16,0,0,""
9,28092,"v_accvgpr_read_b32 v89, a211",4,16,0,16,""
9,28100,"v_cvt_pk_bf16_f32 v87, v87, v89",4,16,0,0,""
9,28108,"v_cvt_pk_bf16_f32 v86, v86, v88",4,16,0,0,""
9,28116,"ds_write2_b64 v13, v[84:85], v[86:87] offset0:48 offset1:56",4,80,0,32,""
9,28124,"s_waitcnt vmcnt(0) lgkmcnt(0)",4,244,244,0,""
9,28128,"s_barrier",4,156,156,0,""
9,28132,"v_add_u32_e32 v84, 0x80, v93",4,20,4,0,""
9,28140,"s_and_saveexec_b64 s[30:31], vcc",4,16,0,0,""
9,28144,"s_cbranch_execnz 199",4,16,0,16,""
9,28148,"s_or_b64 exec, exec, s[30:31]",0,0,0,0,""
9,28152,"v_add_u32_e32 v15, 0x80, v101",0,0,0,0,""
9,28160,"s_and_saveexec_b64 s[30:31], s[0:1]",0,0,0,0,""
9,28164,"s_cbranch_execnz 208",0,0,0,0,""
9,28168,"s_or_b64 exec, exec, s[30:31]",0,0,0,0,""
9,28172,"v_add_u32_e32 v85, 0x80, v140",0,0,0,0,""
9,28180,"s_and_saveexec_b64 s[0:1], s[2:3]",0,0,0,0,""
9,28184,"s_cbranch_execnz 217",0,0,0,0,""
9,28188,"s_or_b64 exec, exec, s[0:1]",0,0,0,0,""
9,28192,"v_add_u32_e32 v86, 0x80, v143",0,0,0,0,""
9,28200,"s_and_saveexec_b64 s[0:1], s[4:5]",0,0,0,0,""
9,28204,"s_cbranch_execnz 226",0,0,0,0,""
9,28208,"s_or_b64 exec, exec, s[0:1]",0,0,0,0,""
9,28212,"v_add_u32_e32 v87, 0x80, v146",0,0,0,0,""
9,28220,"s_and_saveexec_b64 s[0:1], s[6:7]",0,0,0,0,""
9,28224,"s_cbranch_execnz 235",0,0,0,0,""
9,28228,"s_or_b64 exec, exec, s[0:1]",0,0,0,0,""
9,28232,"v_add_u32_e32 v88, 0x80, v149",0,0,0,0,""
9,28240,"s_and_saveexec_b64 s[0:1], s[8:9]",0,0,0,0,""
9,28244,"s_cbranch_execnz 244",0,0,0,0,""
9,28248,"s_or_b64 exec, exec, s[0:1]",0,0,0,0,""
9,28252,"v_add_u32_e32 v89, 0x80, v152",0,0,0,0,""
9,28260,"s_and_saveexec_b64 s[0:1], s[10:11]",0,0,0,0,""
9,28264,"s_cbranch_execnz 253",0,0,0,0,""
9,28268,"s_or_b64 exec, exec, s[0:1]",0,0,0,0,""
9,28272,"v_add_u32_e32 v90, 0x80, v155",0,0,0,0,""
9,28280,"s_and_saveexec_b64 s[0:1], s[12:13]",0,0,0,0,""
9,28284,"s_cbranch_execz 9",0,0,0,0,""
9,28288,"v_add_lshl_u32 v91, v153, v90, 1",4,16,0,64,""
9,28296,"ds_read_b128 v[96:99], v91",4,16,0,32,""
9,28304,"v_add_lshl_u32 v91, v154, v90, 1",4,16,0,0,""
9,28312,"s_waitcnt lgkmcnt(0)",4,192,192,0,""
9,28316,"buffer_store_dwordx4 v[96:99], v91, s[44:47], 0 offen nt",4,16,0,0,""
9,28324,"s_or_b64 exec, exec, s[0:1]",4,16,0,0,""
9,28328,"v_cvt_pk_bf16_f32 v67, v66, v67",4,16,0,0,""
9,28336,"v_cvt_pk_bf16_f32 v66, v64, v65",4,24,8,0,""
9,28344,"v_add_u32_e32 v64, 0x10900, v12",4,16,0,0,""
9,28352,"ds_write_b64 v64, v[66:67]",4,52,4,32,""
9,28360,"v_cvt_pk_bf16_f32 v63, v62, v63",4,68,52,0,""
9,28368,"v_cvt_pk_bf16_f32 v62, v60, v61",4,52,36,0,""
9,28376,"v_add_u32_e32 v60, 0x10940, v12",4,16,0,0,""
9,28384,"ds_write_b64 v60, v[62:63]",4,48,0,32,""
9,28392,"v_cvt_pk_bf16_f32 v59, v58, v59",4,20,4,0,""
9,28400,"v_cvt_pk_bf16_f32 v58, v56, v57",4,16,0,0,""
9,28408,"v_add_u32_e32 v56, 0x10980, v12",4,16,0,0,""
9,28416,"ds_write_b64 v56, v[58:59]",4,48,0,32,""
9,28424,"v_cvt_pk_bf16_f32 v55, v54, v55",4,20,4,0,""
9,28432,"v_cvt_pk_bf16_f32 v54, v52, v53",4,16,0,0,""
9,28440,"v_add_u32_e32 v12, 0x109c0, v12",4,16,0,0,""
9,28448,"ds_write_b64 v12, v[54:55]",4,60,12,32,""
9,28456,"v_cvt_pk_bf16_f32 v51, v50, v51",4,32,16,0,""
9,28464,"v_cvt_pk_bf16_f32 v50, v48, v49",4,16,0,0,""
9,28472,"v_add_u32_e32 v12, 0x10900, v94",4,16,0,0,""
9,28480,"ds_write_b64 v12, v[50:51]",4,48,0,32,""
9,28488,"v_cvt_pk_bf16_f32 v47, v46, v47",4,16,0,0,""
9,28496,"v_cvt_pk_bf16_f32 v46, v44, v45",4,16,0,0,""
9,28504,"v_add_u32_e32 v12, 0x10940, v94",4,16,0,0,""
9,28512,"ds_write_b64 v12, v[46:47]",4,48,0,32,""
9,28520,"v_cvt_pk_bf16_f32 v43, v42, v43",4,16,0,0,""
9,28528,"v_cvt_pk_bf16_f32 v42, v40, v41",4,16,0,0,""
9,28536,"v_add_u32_e32 v12, 0x10980, v94",4,16,0,0,""
9,28544,"ds_write_b64 v12, v[42:43]",4,48,0,32,""
9,28552,"v_cvt_pk_bf16_f32 v39, v38, v39",4,16,0,0,""
9,28560,"v_cvt_pk_bf16_f32 v38, v36, v37",4,16,0,0,""
9,28568,"v_add_u32_e32 v12, 0x109c0, v94",4,16,0,0,""
9,28576,"ds_write_b64 v12, v[38:39]",4,48,0,32,""
9,28584,"v_cvt_pk_bf16_f32 v35, v34, v35",4,16,0,0,""
9,28592,"v_cvt_pk_bf16_f32 v34, v32, v33",4,16,0,0,""
9,28600,"v_add_u32_e32 v12, 0x10900, v14",4,16,0,0,""
9,28608,"ds_write_b64 v12, v[34:35]",4,48,0,32,""
9,28616,"v_cvt_pk_bf16_f32 v31, v30, v31",4,16,0,0,""
9,28624,"v_cvt_pk_bf16_f32 v30, v28, v29",4,16,0,0,""
9,28632,"v_add_u32_e32 v12, 0x10940, v14",4,16,0,0,""
9,28640,"ds_write_b64 v12, v[30:31]",4,48,0,32,""
9,28648,"v_cvt_pk_bf16_f32 v27, v26, v27",4,16,0,0,""
9,28656,"v_cvt_pk_bf16_f32 v26, v24, v25",4,16,0,0,""
9,28664,"v_add_u32_e32 v12, 0x10980, v14",4,16,0,0,""
9,28672,"ds_write_b64 v12, v[26:27]",4,48,0,32,""
9,28680,"v_cvt_pk_bf16_f32 v23, v22, v23",4,16,0,0,""
9,28688,"v_cvt_pk_bf16_f32 v22, v20, v21",4,16,0,0,""
9,28696,"v_add_u32_e32 v12, 0x109c0, v14",4,16,0,0,""
9,28704,"ds_write_b64 v12, v[22:23]",4,48,0,32,""
9,28712,"v_cvt_pk_bf16_f32 v19, v18, v19",4,16,0,0,""
9,28720,"v_cvt_pk_bf16_f32 v18, v16, v17",4,16,0,0,""
9,28728,"v_add_u32_e32 v12, 0x10900, v13",4,16,0,0,""
9,28736,"ds_write_b64 v12, v[18:19]",4,48,0,32,""
9,28744,"v_cvt_pk_bf16_f32 v11, v10, v11",4,16,0,0,""
9,28752,"v_cvt_pk_bf16_f32 v10, v8, v9",4,16,0,0,""
9,28760,"v_add_u32_e32 v8, 0x10940, v13",4,16,0,0,""
9,28768,"ds_write_b64 v8, v[10:11]",4,48,0,32,""
9,28776,"v_cvt_pk_bf16_f32 v7, v6, v7",4,16,0,0,""
9,28784,"v_cvt_pk_bf16_f32 v6, v4, v5",4,16,0,0,""
9,28792,"v_add_u32_e32 v4, 0x10980, v13",4,16,0,0,""
9,28800,"ds_write_b64 v4, v[6:7]",4,48,0,32,""
9,28808,"v_cvt_pk_bf16_f32 v3, v2, v3",4,16,0,0,""
9,28816,"v_cvt_pk_bf16_f32 v2, v0, v1",4,16,0,0,""
9,28824,"v_add_u32_e32 v0, 0x109c0, v13",4,16,0,0,""
9,28832,"ds_write_b64 v0, v[2:3]",4,48,0,32,""
9,28840,"s_waitcnt vmcnt(0) lgkmcnt(0)",4,216,216,0,""
9,28844,"s_barrier",4,192,192,0,""
9,28848,"s_and_saveexec_b64 s[0:1], s[14:15]",4,16,0,0,""
9,28852,"s_cbranch_execnz 121",4,16,0,16,""
9,28856,"s_or_b64 exec, exec, s[0:1]",0,0,0,0,""
9,28860,"s_and_saveexec_b64 s[0:1], s[16:17]",0,0,0,0,""
9,28864,"s_cbranch_execnz 130",0,0,0,0,""
9,28868,"s_or_b64 exec, exec, s[0:1]",0,0,0,0,""
9,28872,"s_and_saveexec_b64 s[0:1], s[18:19]",0,0,0,0,""
9,28876,"s_cbranch_execnz 139",0,0,0,0,""
9,28880,"s_or_b64 exec, exec, s[0:1]",0,0,0,0,""
9,28884,"s_and_saveexec_b64 s[0:1], s[20:21]",0,0,0,0,""
9,28888,"s_cbranch_execnz 148",0,0,0,0,""
9,28892,"s_or_b64 exec, exec, s[0:1]",0,0,0,0,""
9,28896,"s_and_saveexec_b64 s[0:1], s[22:23]",0,0,0,0,""
9,28900,"s_cbranch_execnz 157",0,0,0,0,""
9,28904,"s_or_b64 exec, exec, s[0:1]",0,0,0,0,""
9,28908,"s_and_saveexec_b64 s[0:1], s[24:25]",0,0,0,0,""
9,28912,"s_cbranch_execnz 166",0,0,0,0,""
9,28916,"s_or_b64 exec, exec, s[0:1]",0,0,0,0,""
9,28920,"s_and_saveexec_b64 s[0:1], s[26:27]",0,0,0,0,""
9,28924,"s_cbranch_execnz 175",0,0,0,0,""
9,28928,"s_or_b64 exec, exec, s[0:1]",0,0,0,0,""
9,28932,"s_and_saveexec_b64 s[0:1], s[28:29]",0,0,0,0,""
9,28936,"s_cbranch_execnz 184",0,0,0,0,""
9,28940,"s_endpgm",0,0,0,0,""
9,28944,"v_add_lshl_u32 v15, v15, v84, 1",4,16,0,64,""
9,28952,"ds_read_b128 v[86:89], v15",4,20,4,32,""
9,28960,"v_add_lshl_u32 v15, v92, v84, 1",4,16,0,0,""
9,28968,"s_waitcnt lgkmcnt(0)",4,228,228,0,""
9,28972,"buffer_store_dwordx4 v[86:89], v15, s[44:47], 0 offen nt",4,100,84,0,""
9,28980,"s_or_b64 exec, exec, s[30:31]",4,16,0,0,""
9,28984,"v_add_u32_e32 v15, 0x80, v101",4,16,0,0,""
9,28992,"s_and_saveexec_b64 s[30:31], s[0:1]",4,16,0,0,""
9,28996,"s_cbranch_execz 65328",4,16,0,16,""
9,29000,"v_add_lshl_u32 v85, v95, v15, 1",4,16,0,0,""
9,29008,"ds_read_b128 v[86:89], v85",4,16,0,32,""
9,29016,"v_add_lshl_u32 v85, v100, v15, 1",4,16,0,0,""
9,29024,"s_waitcnt lgkmcnt(0)",4,192,192,0,""
9,29028,"buffer_store_dwordx4 v[86:89], v85, s[44:47], 0 offen nt",4,16,0,0,""
9,29036,"s_or_b64 exec, exec, s[30:31]",4,16,0,0,""
9,29040,"v_add_u32_e32 v85, 0x80, v140",4,16,0,0,""
9,29048,"s_and_saveexec_b64 s[0:1], s[2:3]",4,16,0,0,""
9,29052,"s_cbranch_execz 65319",4,16,0,16,""
9,29056,"v_add_lshl_u32 v86, v102, v85, 1",4,16,0,64,""
9,29064,"ds_read_b128 v[88:91], v86",4,16,0,32,""
9,29072,"v_add_lshl_u32 v86, v103, v85, 1",4,16,0,0,""
9,29080,"s_waitcnt lgkmcnt(0)",4,192,192,0,""
9,29084,"buffer_store_dwordx4 v[88:91], v86, s[44:47], 0 offen nt",4,16,0,0,""
9,29092,"s_or_b64 exec, exec, s[0:1]",4,16,0,0,""
9,29096,"v_add_u32_e32 v86, 0x80, v143",4,16,0,0,""
9,29104,"s_and_saveexec_b64 s[0:1], s[4:5]",4,16,0,0,""
9,29108,"s_cbranch_execz 65310",4,16,0,16,""
9,29112,"v_add_lshl_u32 v87, v141, v86, 1",4,16,0,0,""
9,29120,"ds_read_b128 v[88:91], v87",4,16,0,48,""
9,29128,"v_add_lshl_u32 v87, v142, v86, 1",4,16,0,0,""
9,29136,"s_waitcnt lgkmcnt(0)",4,192,192,0,""
9,29140,"buffer_store_dwordx4 v[88:91], v87, s[44:47], 0 offen nt",4,16,0,0,""
9,29148,"s_or_b64 exec, exec, s[0:1]",4,16,0,0,""
9,29152,"v_add_u32_e32 v87, 0x80, v146",4,16,0,0,""
9,29160,"s_and_saveexec_b64 s[0:1], s[6:7]",4,16,0,0,""
9,29164,"s_cbranch_execz 65301",4,16,0,16,""
9,29168,"v_add_lshl_u32 v88, v144, v87, 1",4,16,0,0,""
9,29176,"ds_read_b128 v[90:93], v88",4,16,0,32,""
9,29184,"v_add_lshl_u32 v88, v145, v87, 1",4,16,0,0,""
9,29192,"s_waitcnt lgkmcnt(0)",4,192,192,0,""
9,29196,"buffer_store_dwordx4 v[90:93], v88, s[44:47], 0 offen nt",4,16,0,0,""
9,29204,"s_or_b64 exec, exec, s[0:1]",4,16,0,0,""
9,29208,"v_add_u32_e32 v88, 0x80, v149",4,16,0,0,""
9,29216,"s_and_saveexec_b64 s[0:1], s[8:9]",4,16,0,0,""
9,29220,"s_cbranch_execz 65292",4,16,0,16,""
9,29224,"v_add_lshl_u32 v89, v147, v88, 1",4,16,0,0,""
9,29232,"ds_read_b128 v[90:93], v89",4,16,0,32,""
9,29240,"v_add_lshl_u32 v89, v148, v88, 1",4,16,0,0,""
9,29248,"s_waitcnt lgkmcnt(0)",4,192,192,0,""
9,29252,"buffer_store_dwordx4 v[90:93], v89, s[44:47], 0 offen nt",4,16,0,0,""
9,29260,"s_or_b64 exec, exec, s[0:1]",4,16,0,0,""
9,29264,"v_add_u32_e32 v89, 0x80, v152",4,16,0,0,""
9,29272,"s_and_saveexec_b64 s[0:1], s[10:11]",4,16,0,0,""
9,29276,"s_cbranch_execz 65283",4,16,0,16,""
9,29280,"v_add_lshl_u32 v90, v150, v89, 1",4,16,0,64,""
9,29288,"ds_read_b128 v[96:99], v90",4,16,0,32,""
9,29296,"v_add_lshl_u32 v90, v151, v89, 1",4,16,0,0,""
9,29304,"s_waitcnt lgkmcnt(0)",4,192,192,0,""
9,29308,"buffer_store_dwordx4 v[96:99], v90, s[44:47], 0 offen nt",4,16,0,0,""
9,29316,"s_or_b64 exec, exec, s[0:1]",4,16,0,0,""
9,29320,"v_add_u32_e32 v90, 0x80, v155",4,16,0,0,""
9,29328,"s_and_saveexec_b64 s[0:1], s[12:13]",4,16,0,0,""
9,29332,"s_cbranch_execnz 65274",4,16,0,16,""
9,29336,"s_branch 65282",0,0,0,0,""
9,29340,"v_add_lshl_u32 v0, v68, v84, 1",4,24,8,128,""
9,29348,"ds_read_b128 v[2:5], v0",4,20,4,32,""
9,29356,"v_add_lshl_u32 v0, v69, v84, 1",4,16,0,0,""
9,29364,"s_waitcnt lgkmcnt(0)",4,224,224,0,""
9,29368,"buffer_store_dwordx4 v[2:5], v0, s[44:47], 0 offen nt",4,100,84,0,""
9,29376,"s_or_b64 exec, exec, s[0:1]",4,16,0,0,""
9,29380,"s_and_saveexec_b64 s[0:1], s[16:17]",4,16,0,0,""
9,29384,"s_cbranch_execz 65406",4,16,0,16,""
9,29388,"v_add_lshl_u32 v0, v70, v15, 1",4,16,0,0,""
9,29396,"ds_read_b128 v[2:5], v0",4,16,0,32,""
9,29404,"v_add_lshl_u32 v0, v71, v15, 1",4,16,0,0,""
9,29412,"s_waitcnt lgkmcnt(0)",4,192,192,0,""
9,29416,"buffer_store_dwordx4 v[2:5], v0, s[44:47], 0 offen nt",4,16,0,0,""
9,29424,"s_or_b64 exec, exec, s[0:1]",4,16,0,0,""
9,29428,"s_and_saveexec_b64 s[0:1], s[18:19]",4,16,0,0,""
9,29432,"s_cbranch_execz 65397",4,16,0,16,""
9,29436,"v_add_lshl_u32 v0, v72, v85, 1",4,16,0,64,""
9,29444,"ds_read_b128 v[2:5], v0",4,16,0,32,""
9,29452,"v_add_lshl_u32 v0, v73, v85, 1",4,16,0,0,""
9,29460,"s_waitcnt lgkmcnt(0)",4,192,192,0,""
9,29464,"buffer_store_dwordx4 v[2:5], v0, s[44:47], 0 offen nt",4,16,0,0,""
9,29472,"s_or_b64 exec, exec, s[0:1]",4,16,0,0,""
9,29476,"s_and_saveexec_b64 s[0:1], s[20:21]",4,16,0,0,""
9,29480,"s_cbranch_execz 65388",4,16,0,16,""
9,29484,"v_add_lshl_u32 v0, v74, v86, 1",4,16,0,0,""
9,29492,"ds_read_b128 v[2:5], v0",4,16,0,32,""
9,29500,"v_add_lshl_u32 v0, v75, v86, 1",4,16,0,0,""
9,29508,"s_waitcnt lgkmcnt(0)",4,192,192,0,""
9,29512,"buffer_store_dwordx4 v[2:5], v0, s[44:47], 0 offen nt",4,16,0,0,""
9,29520,"s_or_b64 exec, exec, s[0:1]",4,16,0,0,""
9,29524,"s_and_saveexec_b64 s[0:1], s[22:23]",4,16,0,0,""
9,29528,"s_cbranch_execz 65379",4,16,0,16,""
9,29532,"v_add_lshl_u32 v0, v76, v87, 1",4,16,0,64,""
9,29540,"ds_read_b128 v[2:5], v0",4,16,0,32,""
9,29548,"v_add_lshl_u32 v0, v77, v87, 1",4,16,0,0,""
9,29556,"s_waitcnt lgkmcnt(0)",4,192,192,0,""
9,29560,"buffer_store_dwordx4 v[2:5], v0, s[44:47], 0 offen nt",4,16,0,0,""
9,29568,"s_or_b64 exec, exec, s[0:1]",4,16,0,0,""
9,29572,"s_and_saveexec_b64 s[0:1], s[24:25]",4,16,0,0,""
9,29576,"s_cbranch_execz 65370",4,16,0,16,""
9,29580,"v_add_lshl_u32 v0, v78, v88, 1",4,16,0,0,""
9,29588,"ds_read_b128 v[2:5], v0",4,16,0,32,""
9,29596,"v_add_lshl_u32 v0, v79, v88, 1",4,16,0,0,""
9,29604,"s_waitcnt lgkmcnt(0)",4,192,192,0,""
9,29608,"buffer_store_dwordx4 v[2:5], v0, s[44:47], 0 offen nt",4,16,0,0,""
9,29616,"s_or_b64 exec, exec, s[0:1]",4,16,0,0,""
9,29620,"s_and_saveexec_b64 s[0:1], s[26:27]",4,16,0,0,""
9,29624,"s_cbranch_execz 65361",4,16,0,16,""
9,29628,"v_add_lshl_u32 v0, v80, v89, 1",4,16,0,64,""
9,29636,"ds_read_b128 v[2:5], v0",4,16,0,32,""
9,29644,"v_add_lshl_u32 v0, v81, v89, 1",4,16,0,0,""
9,29652,"s_waitcnt lgkmcnt(0)",4,192,192,0,""
9,29656,"buffer_store_dwordx4 v[2:5], v0, s[44:47], 0 offen nt",4,16,0,0,""
9,29664,"s_or_b64 exec, exec, s[0:1]",4,16,0,0,""
9,29668,"s_and_saveexec_b64 s[0:1], s[28:29]",4,16,0,0,""
9,29672,"s_cbranch_execz 65352",4,16,0,16,""
9,29676,"v_add_lshl_u32 v0, v82, v90, 1",4,16,0,0,""
9,29684,"ds_read_b128 v[2:5], v0",4,16,0,32,""
9,29692,"v_add_lshl_u32 v0, v83, v90, 1",4,16,0,0,""
9,29700,"s_waitcnt lgkmcnt(0)",4,192,192,0,""
9,29704,"buffer_store_dwordx4 v[2:5], v0, s[44:47], 0 offen nt",4,20,0,0,""
9,29712,"s_endpgm",4,1784,0,0,""
9,29716,"v_mov_b32_dpp v188, v184 quad_perm:[1,0,3,2] row_mask:0xf bank_mask:0xf bound_ctrl:1",0,0,0,0,""
9,29724,"v_perm_b32 v184, v188, v184, v210",0,0,0,0,""
9,29732,"s_nop 1",0,0,0,0,""
9,29736,"v_mov_b32_dpp v188, v184 quad_perm:[2,3,0,1] row_mask:0xf bank_mask:0xf bound_ctrl:1",0,0,0,0,""
9,29744,"v_perm_b32 v184, v188, v184, v215",0,0,0,0,""
9,29752,"v_add_u32_e32 v188, 0x21000, v214",0,0,0,0,""
9,29760,"v_mov_b32_dpp v189, v185 quad_perm:[1,0,3,2] row_mask:0xf bank_mask:0xf bound_ctrl:1",0,0,0,0,""
9,29768,"v_perm_b32 v185, v189, v185, v210",0,0,0,0,""
9,29776,"s_nop 1",0,0,0,0,""
9,29780,"v_mov_b32_dpp v189, v185 quad_perm:[2,3,0,1] row_mask:0xf bank_mask:0xf bound_ctrl:1",0,0,0,0,""
9,29788,"v_perm_b32 v185, v189, v185, v215",0,0,0,0,""
9,29796,"ds_write2_b32 v188, v184, v185 offset1:8",0,0,0,0,""
9,29804,"v_mov_b32_dpp v184, v186 quad_perm:[1,0,3,2] row_mask:0xf bank_mask:0xf bound_ctrl:1",0,0,0,0,""
9,29812,"v_perm_b32 v184, v184, v186, v210",0,0,0,0,""
9,29820,"s_nop 1",0,0,0,0,""
9,29824,"v_mov_b32_dpp v185, v184 quad_perm:[2,3,0,1] row_mask:0xf bank_mask:0xf bound_ctrl:1",0,0,0,0,""
9,29832,"v_perm_b32 v184, v185, v184, v215",0,0,0,0,""
9,29840,"s_nop 0",0,0,0,0,""
9,29844,"v_mov_b32_dpp v185, v187 quad_perm:[1,0,3,2] row_mask:0xf bank_mask:0xf bound_ctrl:1",0,0,0,0,""
9,29852,"v_perm_b32 v185, v185, v187, v210",0,0,0,0,""
9,29860,"s_nop 1",0,0,0,0,""
9,29864,"v_mov_b32_dpp v186, v185 quad_perm:[2,3,0,1] row_mask:0xf bank_mask:0xf bound_ctrl:1",0,0,0,0,""
9,29872,"v_perm_b32 v185, v186, v185, v215",0,0,0,0,""
9,29880,"ds_write2_b32 v188, v184, v185 offset0:16 offset1:24",0,0,0,0,""
9,29888,"s_and_b64 s[0:1], s[10:11], exec",0,0,0,0,""
9,29892,"s_cselect_b32 s0, 1, 0",0,0,0,0,""
9,29896,"s_cmp_lg_u32 s0, 1",0,0,0,0,""
9,29900,"s_cbranch_scc1 63528",0,0,0,0,""
9,29904,"v_mov_b32_dpp v184, v0 quad_perm:[1,0,3,2] row_mask:0xf bank_mask:0xf bound_ctrl:1",0,0,0,0,""
9,29912,"v_perm_b32 v0, v184, v0, v210",0,0,0,0,""
9,29920,"s_nop 1",0,0,0,0,""
9,29924,"v_mov_b32_dpp v184, v0 quad_perm:[2,3,0,1] row_mask:0xf bank_mask:0xf bound_ctrl:1",0,0,0,0,""
9,29932,"v_perm_b32 v0, v184, v0, v215",0,0,0,0,""
9,29940,"v_add_u32_e32 v184, 0x21000, v214",0,0,0,0,""
9,29948,"v_mov_b32_dpp v185, v1 quad_perm:[1,0,3,2] row_mask:0xf bank_mask:0xf bound_ctrl:1",0,0,0,0,""
9,29956,"v_perm_b32 v1, v185, v1, v210",0,0,0,0,""
9,29964,"s_nop 1",0,0,0,0,""
9,29968,"v_mov_b32_dpp v185, v1 quad_perm:[2,3,0,1] row_mask:0xf bank_mask:0xf bound_ctrl:1",0,0,0,0,""
9,29976,"v_perm_b32 v1, v185, v1, v215",0,0,0,0,""
9,29984,"v_add_u32_e32 v184, 0x1000, v184",0,0,0,0,""
9,29992,"ds_write2_b32 v184, v0, v1 offset1:8",0,0,0,0,""
9,30000,"v_mov_b32_dpp v0, v2 quad_perm:[1,0,3,2] row_mask:0xf bank_mask:0xf bound_ctrl:1",0,0,0,0,""
9,30008,"v_perm_b32 v0, v0, v2, v210",0,0,0,0,""
9,30016,"s_nop 1",0,0,0,0,""
9,30020,"v_mov_b32_dpp v1, v0 quad_perm:[2,3,0,1] row_mask:0xf bank_mask:0xf bound_ctrl:1",0,0,0,0,""
9,30028,"v_perm_b32 v0, v1, v0, v215",0,0,0,0,""
9,30036,"s_nop 0",0,0,0,0,""
9,30040,"v_mov_b32_dpp v1, v3 quad_perm:[1,0,3,2] row_mask:0xf bank_mask:0xf bound_ctrl:1",0,0,0,0,""
9,30048,"v_perm_b32 v1, v1, v3, v210",0,0,0,0,""
9,30056,"s_nop 1",0,0,0,0,""
9,30060,"v_mov_b32_dpp v2, v1 quad_perm:[2,3,0,1] row_mask:0xf bank_mask:0xf bound_ctrl:1",0,0,0,0,""
9,30068,"v_perm_b32 v1, v2, v1, v215",0,0,0,0,""
9,30076,"ds_write2_b32 v184, v0, v1 offset0:16 offset1:24",0,0,0,0,""
9,30084,"s_and_b64 s[0:1], s[12:13], exec",0,0,0,0,""
9,30088,"s_cselect_b32 s0, 1, 0",0,0,0,0,""
9,30092,"s_cmp_lg_u32 s0, 1",0,0,0,0,""
9,30096,"s_cbranch_scc1 63483",0,0,0,0,""
9,30100,"v_mov_b32_dpp v0, v204 quad_perm:[1,0,3,2] row_mask:0xf bank_mask:0xf bound_ctrl:1",0,0,0,0,""
9,30108,"v_perm_b32 v0, v0, v204, v210",0,0,0,0,""
9,30116,"s_nop 1",0,0,0,0,""
9,30120,"v_mov_b32_dpp v1, v0 quad_perm:[2,3,0,1] row_mask:0xf bank_mask:0xf bound_ctrl:1",0,0,0,0,""
9,30128,"v_perm_b32 v0, v1, v0, v215",0,0,0,0,""
9,30136,"v_add_u32_e32 v1, 0x21000, v214",0,0,0,0,""
9,30144,"v_mov_b32_dpp v2, v205 quad_perm:[1,0,3,2] row_mask:0xf bank_mask:0xf bound_ctrl:1",0,0,0,0,""
9,30152,"v_perm_b32 v2, v2, v205, v210",0,0,0,0,""
9,30160,"s_nop 1",0,0,0,0,""
9,30164,"v_mov_b32_dpp v3, v2 quad_perm:[2,3,0,1] row_mask:0xf bank_mask:0xf bound_ctrl:1",0,0,0,0,""
9,30172,"v_perm_b32 v2, v3, v2, v215",0,0,0,0,""
9,30180,"v_add_u32_e32 v1, 0x2000, v1",0,0,0,0,""
9,30188,"ds_write2_b32 v1, v0, v2 offset1:8",0,0,0,0,""
9,30196,"v_mov_b32_dpp v0, v206 quad_perm:[1,0,3,2] row_mask:0xf bank_mask:0xf bound_ctrl:1",0,0,0,0,""
9,30204,"v_perm_b32 v0, v0, v206, v210",0,0,0,0,""
9,30212,"s_nop 1",0,0,0,0,""
9,30216,"v_mov_b32_dpp v2, v0 quad_perm:[2,3,0,1] row_mask:0xf bank_mask:0xf bound_ctrl:1",0,0,0,0,""
9,30224,"v_perm_b32 v0, v2, v0, v215",0,0,0,0,""
9,30232,"s_nop 0",0,0,0,0,""
9,30236,"v_mov_b32_dpp v2, v207 quad_perm:[1,0,3,2] row_mask:0xf bank_mask:0xf bound_ctrl:1",0,0,0,0,""
9,30244,"v_perm_b32 v2, v2, v207, v210",0,0,0,0,""
9,30252,"s_nop 1",0,0,0,0,""
9,30256,"v_mov_b32_dpp v3, v2 quad_perm:[2,3,0,1] row_mask:0xf bank_mask:0xf bound_ctrl:1",0,0,0,0,""
9,30264,"v_perm_b32 v2, v3, v2, v215",0,0,0,0,""
9,30272,"ds_write2_b32 v1, v0, v2 offset0:16 offset1:24",0,0,0,0,""
9,30280,"s_and_b64 s[0:1], s[24:25], exec",0,0,0,0,""
9,30284,"s_cselect_b32 s0, 1, 0",0,0,0,0,""
9,30288,"s_cmp_lg_u32 s0, 1",0,0,0,0,""
9,30292,"s_cbranch_scc1 63438",0,0,0,0,""
9,30296,"v_mov_b32_dpp v0, v4 quad_perm:[1,0,3,2] row_mask:0xf bank_mask:0xf bound_ctrl:1",0,0,0,0,""
9,30304,"v_perm_b32 v0, v0, v4, v210",0,0,0,0,""
9,30312,"s_nop 1",0,0,0,0,""
9,30316,"v_mov_b32_dpp v1, v0 quad_perm:[2,3,0,1] row_mask:0xf bank_mask:0xf bound_ctrl:1",0,0,0,0,""
9,30324,"v_perm_b32 v0, v1, v0, v215",0,0,0,0,""
9,30332,"v_add_u32_e32 v1, 0x21000, v214",0,0,0,0,""
9,30340,"v_mov_b32_dpp v2, v5 quad_perm:[1,0,3,2] row_mask:0xf bank_mask:0xf bound_ctrl:1",0,0,0,0,""
9,30348,"v_perm_b32 v2, v2, v5, v210",0,0,0,0,""
9,30356,"s_nop 1",0,0,0,0,""
9,30360,"v_mov_b32_dpp v3, v2 quad_perm:[2,3,0,1] row_mask:0xf bank_mask:0xf bound_ctrl:1",0,0,0,0,""
9,30368,"v_perm_b32 v2, v3, v2, v215",0,0,0,0,""
9,30376,"v_add_u32_e32 v1, 0x3000, v1",0,0,0,0,""
9,30384,"ds_write2_b32 v1, v0, v2 offset1:8",0,0,0,0,""
9,30392,"v_mov_b32_dpp v0, v6 quad_perm:[1,0,3,2] row_mask:0xf bank_mask:0xf bound_ctrl:1",0,0,0,0,""
9,30400,"v_perm_b32 v0, v0, v6, v210",0,0,0,0,""
9,30408,"s_nop 1",0,0,0,0,""
9,30412,"v_mov_b32_dpp v2, v0 quad_perm:[2,3,0,1] row_mask:0xf bank_mask:0xf bound_ctrl:1",0,0,0,0,""
9,30420,"v_perm_b32 v0, v2, v0, v215",0,0,0,0,""
9,30428,"s_nop 0",0,0,0,0,""
9,30432,"v_mov_b32_dpp v2, v7 quad_perm:[1,0,3,2] row_mask:0xf bank_mask:0xf bound_ctrl:1",0,0,0,0,""
9,30440,"v_perm_b32 v2, v2, v7, v210",0,0,0,0,""
9,30448,"s_nop 1",0,0,0,0,""
9,30452,"v_mov_b32_dpp v3, v2 quad_perm:[2,3,0,1] row_mask:0xf bank_mask:0xf bound_ctrl:1",0,0,0,0,""
9,30460,"v_perm_b32 v2, v3, v2, v215",0,0,0,0,""
9,30468,"ds_write2_b32 v1, v0, v2 offset0:16 offset1:24",0,0,0,0,""
9,30476,"s_and_b64 s[0:1], s[14:15], exec",0,0,0,0,""
9,30480,"s_cselect_b32 s0, 1, 0",0,0,0,0,""
9,30484,"s_cmp_lg_u32 s0, 1",0,0,0,0,""
9,30488,"s_cbranch_scc0 63393",0,0,0,0,""
9,30492,"s_branch 63396",0,0,0,0,""
